0.02 1.99762370272 -0.118814863772
0.04 1.99286853059 -0.237758606737
0.06 1.98572936598 -0.356958230389
0.08 1.97619862684 -0.476536957061
0.1 1.96426638121 -0.596612281441
0.12 1.94992050216 -0.717293952786
0.14 1.93314686481 -0.838681867164
0.16 1.91392958779 -0.960863851289
0.18 1.89225132134 -1.08391332259
0.2 1.86809358505 -1.20788681411
0.22 1.84143715789 -1.33282135803
0.24 1.81226252334 -1.45873172781
0.26 1.7805503724 -1.58560754699
0.28 1.74628216675 -1.71341028214
0.3 1.70944076378 -1.84207014845
0.32 1.67001110439 -1.97148296991
0.34 1.62798096338 -2.10150705057
0.36 1.58334176077 -2.23196013005
0.38 1.53608943049 -2.36261651418
0.4 1.48622534069 -2.49320449026
0.42 1.43375725759 -2.62340415492
0.44 1.37870034159 -2.7528457997
0.46 1.32107816131 -2.88110901413
0.48 1.26092370778 -3.00772267653
0.5 1.19828038766 -3.13216600619
0.52 1.13320297073 -3.25387084638
0.54 1.06575846408 -3.37222533228
0.56 0.996026882684 -3.48657906993
0.58 0.924101884456 -3.59624991142
0.6 0.850091237359 -3.70053235485
0.62 0.774117086782 -3.79870752882
0.64 0.696315993992 -3.89005463953
0.66 0.616838720599 -3.97386366966
0.68 0.535849740067 -4.04944902659
0.7 0.453526465074 -4.11616374963
0.72 0.370058188872 -4.17341381014
0.74 0.285644749232 -4.22067198198
0.76 0.200494934629 -4.25749073014
0.78 0.114824663259 -4.28351356852
0.8 0.028854975734 -4.29848437624
0.82 -0.0571901089969 -4.30225423654
0.84 -0.143085818368 -4.29478546855
0.86 -0.228608871444 -4.27615265379
0.88 -0.313539683581 -4.24654060685
0.9 -0.397664471386 -4.20623939028
0.92 -0.480777203737 -4.15563661754
0.94 -0.562681351972 -4.09520741174
0.96 -0.643191401665 -4.02550248463
0.98 -0.722134098927 -3.9471348631
1.0 -0.799349415269 -3.8607658171
1.02 -0.87469122596 -3.76709053457
1.04 -0.948027706967 -3.66682405036
1.06 -1.0192414644 -3.56068787163
1.08 -1.08822941765 -3.44939766237
1.1 -1.15490246283 -3.33365225923
1.12 -1.21918494682 -3.21412419965
1.14 -1.28101398395 -3.09145185621
1.16 -1.34033864782 -2.96623319348
1.18 -1.39711906979 -2.83902109835
1.2 -1.45132547346 -2.71032018393
1.22 -1.50293717206 -2.58058492989
1.24 -1.55194155204 -2.45021899896
1.26 -1.5983330632 -2.31957555777
1.28 -1.64211223176 -2.1889584284
1.3 -1.68328470984 -2.05862390354
1.32 -1.72186037123 -1.92878306974
1.34 -1.75785246121 -1.79960449918
1.36 -1.79127680497 -1.67121718782
1.38 -1.82215107771 -1.54371363682
1.4 -1.85049413755 -1.41715299219
1.42 -1.87632542105 -1.29156417513
1.44 -1.89966440008 -1.16694895153
1.46 -1.92053009815 -1.04328490357
1.48 -1.93894066372 -0.920528278314
1.5 -1.95491299771 -0.798616699531
1.52 -1.96846243246 -0.677471737252
1.54 -1.9796024592 -0.557001337387
1.56 -1.98834450159 -0.43710211942
1.58 -1.99469773269 -0.317661555003
1.6 -1.99866893357 -0.198560043917
1.62 -2.0002623917 -0.0796729066604
1.64 -1.999479838 0.0391276850737
1.66 -1.99632042166 0.15797081737
1.68 -1.99078072248 0.276984959022
1.7 -1.9828548009 0.396296078617
1.72 -1.9725342863 0.516025730121
1.74 -1.95980850462 0.636289083961
1.76 -1.94466464699 0.757192881794
1.78 -1.92708798109 0.878833294942
1.8 -1.90706210771 1.00129366899
1.82 -1.8845692649 1.12464214038
1.84 -1.8595906826 1.2489291151
1.86 -1.83210699049 1.37418460536
1.88 -1.80209868196 1.50041542643
1.9 -1.76954663666 1.62760226488
1.92 -1.73443270388 1.75569663899
1.94 -1.6967403482 1.88461778407
1.96 -1.65645535802 2.01424950926
1.98 -1.61356661626 2.14443708763
2.0 -1.5680669311 2.2749842584
2.02 -1.51995392233 2.40565043836
2.04 -1.46923095717 2.53614825799
2.06 -1.41590812605 2.66614155622
2.08 -1.36000324637 2.79524398402
2.1 -1.30154287875 2.92301838082
2.12 -1.24056333683 3.04897709569
2.14 -1.1771116683 3.17258342672
2.16 -1.11124658142 3.29325434426
2.18 -1.04303928853 3.41036464432
2.2 -0.972574235601 3.52325264637
2.22 -0.89994968553 3.63122750356
2.24 -0.825278122872 3.73357813289
2.26 -0.748686448891 3.82958369909
2.28 -0.670315938855 3.9185255018
2.3 -0.590321938355 3.99970002498
2.32 -0.508873282027 4.0724328164
2.34 -0.426151426424 4.13609278017
2.36 -0.342349298521 4.19010639513
2.38 -0.257669872052 4.23397132344
2.4 -0.172324494963 4.26726885449
2.42 -0.0865310020883 4.28967464372
2.44 -0.000511656957403 4.30096725655
2.46 0.0855090253037 4.30103411305
2.48 0.171306516199 4.28987454477
2.5 0.256658512457 4.2675998129
2.52 0.341347114198 4.23443008706
2.54 0.425160884868 4.19068853351
2.56 0.507896740867 4.13679279994
2.58 0.589361626868 4.07324430002
2.6 0.669373942601 4.00061578666
2.62 0.747764697681 3.91953775399
2.64 0.824378382141 3.83068422301
2.66 0.89907355108 3.73475844694
2.68 0.971723131565 3.63247902428
2.7 1.04221446831 3.52456683731
2.72 1.1104491313 3.41173314957
2.74 1.17634251339 3.29466910416
2.76 1.23982324888 3.1740367746
2.78 1.30083248558 3.05046183526
2.8 1.35932304248 2.92452784465
2.82 1.41525848396 2.79677207424
2.84 1.46861213934 2.6676827691
2.86 1.51936609323 2.53769769412
2.88 1.56751016924 2.40720380053
2.9 1.61304092602 2.27653783939
2.92 1.65596068102 2.14598774965
2.94 1.69627657416 2.01579465717
2.96 1.73399968084 1.8861553339
2.98 1.76914418051 1.75722498335
3.0 1.80172658523 1.62912023649
3.02 1.83176503045 1.50192226078
3.04 1.85927862852 1.37567990344
3.06 1.88428688465 1.25041280668
3.08 1.90680917362 1.12611444845
3.1 1.92686427514 1.00275507567
3.12 1.94446996531 0.88028450891
3.14 1.95964266146 0.758634807471
3.16 1.97239711731 0.637722792355
3.18 1.98274616594 0.51745243126
3.2 1.99070050784 0.397717095428
3.22 1.99626854189 0.278401702475
3.24 1.99945623715 0.159384762642
3.26 2.00026704412 0.0405403485056
3.28 1.99870184431 -0.0782599901002
3.3 1.99475893746 -0.197145342927
3.32 1.98843406617 -0.316243564293
3.34 1.97972047852 -0.435679382383
3.36 1.96860902913 -0.555572469373
3.38 1.95508832014 -0.676035449716
3.4 1.93914488363 -0.797171825283
3.42 1.92076340767 -0.919073798095
3.44 1.89992700819 -1.04181997413
3.46 1.87661754948 -1.16547293533
3.48 1.85081601605 -1.29007667172
3.5 1.82250293862 -1.41565387131
3.52 1.79165887716 -1.54220307299
3.54 1.75826496324 -1.66969569636
3.56 1.72230350377 -1.79807297312
3.58 1.68375864743 -1.92724281722
3.6 1.64261711373 -2.05707668495
3.62 1.59886898388 -2.18740649239
3.64 1.55250855038 -2.31802167494
3.66 1.50353522054 -2.44866649195
3.68 1.45195446658 -2.57903769835
3.7 1.39777881213 -2.70878272251
3.72 1.34102884201 -2.83749850584
3.74 1.28173421859 -2.96473117109
3.76 1.21993468473 -3.08997669287
3.78 1.15568102989 -3.21268274231
3.8 1.08903599256 -3.33225186649
3.82 1.02007506976 -3.44804613981
3.84 0.948887201997 -3.55939338812
3.86 0.875575301298 -3.66559503498
3.88 0.800256590202 -3.7659355548
3.9 0.723062721402 -3.85969343996
3.92 0.644139651365 -3.94615350187
3.94 0.563647246668 -4.02462023487
3.96 0.481758609036 -4.09443188157
3.98 0.398659113881 -4.15497475773
4.0 0.314545167272 -4.20569733048
4.02 0.229622697179 -4.24612350463
4.04 0.14410540592 -4.27586456296
4.06 0.0582128212674 -4.29462923263
4.08 -0.027831806985 -4.30223141262
4.1 -0.113803710838 -4.29859519266
4.12 -0.199478849212 -4.28375691869
4.14 -0.284636133264 -4.25786420262
4.16 -0.369059571773 -4.22117192544
4.18 -0.452540280374 -4.17403543003
4.2 -0.534878305012 -4.1169012319
4.22 -0.615884218667 -4.05029568278
4.24 -0.695380460609 -3.97481209706
4.26 -0.773202398403 -3.8910968897
4.28 -0.849199103964 -3.79983527809
4.3 -0.92323384538 -3.7017370708
4.32 -0.995184305587 -3.59752301033
4.34 -1.06494254681 -3.4879120609
4.36 -1.13241474571 -3.37360994509
4.38 -1.19752072853 -3.25529914109
4.4 -1.2601933378 -3.13363046345
4.42 -1.32037766317 -3.00921626868
4.44 -1.37803016832 -2.88262525767
4.46 -1.43311774413 -2.75437879048
4.48 -1.48561671589 -2.62494858778
4.5 -1.53551182919 -2.49475566489
4.52 -1.58279523578 -2.3641703295
4.54 -1.62746549716 -2.23351306901
4.56 -1.6695266203 -2.10305615734
4.58 -1.70898713673 -1.97302582135
4.6 -1.74585923316 -1.84360482151
4.62 -1.78015793953 -1.71493531848
4.64 -1.81190037785 -1.58712191612
4.66 -1.84110507365 -1.4602347897
4.68 -1.86779133017 -1.33431282597
4.7 -1.89197866453 -1.20936671831
4.72 -1.91368630403 -1.08538197509
4.74 -1.93293274028 -0.962321812336
4.76 -1.94973533855 -0.840129913231
4.78 -1.96410999947 -0.718733046302
4.8 -1.97607087032 -0.598043542173
4.82 -1.98563010302 -0.477961635041
4.84 -1.99279765662 -0.358377680234
4.86 -1.99758114188 -0.239174263153
4.88 -1.99998570624 -0.120228218008
4.9 -2.00001395778 -0.00141257700318
4.92 -1.99766592723 0.117401527781
4.94 -1.9929390675 0.236342986547
4.96 -1.98582829081 0.355538834216
4.98 -1.97632604383 0.47511234939
5.0 -1.96442242169 0.595181106561
5.02 -1.95010532251 0.715854959273
5.04 -1.93336064384 0.837233933546
5.06 -1.91417252358 0.9594060131
5.08 -1.89252362756 1.08244480097
5.1 -1.86839548664 1.20640704606
5.12 -1.84176888607 1.33133002837
5.14 -1.81262431001 1.45722880276
5.16 -1.78094244383 1.5840933093
5.18 -1.74670473648 1.71188536741
5.2 -1.70989402483 1.8405355823
5.22 -1.67049522073 1.96994020538
5.24 -1.62849606063 2.09995800498
5.26 -1.58388791622 2.23040722038
5.28 -1.53666666242 2.36106268975
5.3 -1.4868335972 2.49165326131
5.32 -1.43439640489 2.62185961549
5.34 -1.37937015203 2.75131264288
5.36 -1.32177830127 2.87959253794
5.38 -1.26165372571 3.00622877806
5.4 -1.19903970246 3.13070116222
5.42 -1.1339908609 3.2524420784
5.44 -1.06657405781 3.37084015414
5.46 -0.996869149472 3.48524541709
5.48 -0.924969628457 3.59497605076
5.5 -0.850983092949 3.69932677536
5.52 -0.77503151667 3.79757881396
5.54 -0.697251290206 3.8890113232
5.56 -0.617793008626 3.972914079
5.58 -0.536820986317 4.04860111549
5.6 -0.454512487751 4.1154249283
5.62 -0.371056672221 4.17279077648
5.64 -0.286653260994 4.22017056134
5.66 -0.201510946395 4.25711572997
5.68 -0.115845573307 4.28326865436
5.7 -0.0298781338131 4.29837197472
5.72 0.0561673755875 4.30227547003
5.74 0.142066178079 4.2949401246
5.76 0.227594961899 4.27643919095
5.78 0.312534085828 4.24695619649
5.8 0.396669685677 4.20677999244
5.82 0.479795627418 4.15629708704
5.84 0.56171526001 4.09598162961
5.86 0.642242930189 4.02638350894
5.88 0.72120523204 3.94811509256
5.9 0.798441975259 3.86183716092
5.92 0.873806866904 3.76824458229
5.94 0.947167911621 3.66805223585
5.96 1.01840754415 3.56198162657
5.98 1.08742251526 3.45074855529
6.0 1.15412355761 3.33505211752
6.02 1.21843486187 3.21556521287
6.04 1.28029339507 3.09292666005
6.06 1.33964809376 2.96773493457
6.08 1.39645896338 2.84054348094
6.1 1.45069611337 2.7118574997
6.12 1.50233875483 2.58213207285
6.14 1.55137418417 2.45177146732
6.16 1.59779677307 2.32112944489
6.18 1.64160698117 2.19051040491
6.2 1.68281040502 2.06017119243
6.22 1.72141687335 1.93032341638
6.24 1.7574395961 1.80113613755
6.26 1.79089437219 1.67273880463
6.28 1.82179885888 1.54522433433
6.3 1.85017190389 1.41865225081
6.32 1.87603294022 1.29305181649
6.34 1.89940144227 1.16842510248
6.36 1.9202964415 1.04474996153
6.38 1.93873609907 0.921982878208
6.4 1.95473733271 0.800061682336
6.42 1.96831549512 0.678908120302
6.44 1.97948410085 0.558430286272
6.46 1.98825459927 0.438524921394
6.48 1.99463619115 0.319079593714
6.5 1.99863568665 0.199974775255
6.52 2.00025740336 0.0810858354727
6.54 1.99950310281 -0.0377150276641
6.56 1.99637196488 -0.156556896307
6.58 1.99086059973 -0.275568257612
6.6 1.98296309731 -0.39487512106
6.62 1.97267111522 -0.514599104546
6.64 1.95997400589 -0.634855466249
6.66 1.94485898469 -0.755751060423
6.68 1.92731134074 -0.877382197094
6.7 1.90731469298 -0.999832388097
6.72 1.88485129368 -1.12316996524
6.74 1.85990238246 -1.24744556075
6.76 1.83244859355 -1.3726894455
6.78 1.802470419 -1.49890872759
6.8 1.76994873056 -1.62608442198
6.82 1.73486536232 -1.75416841195
6.84 1.69720375562 -1.88308033517
6.86 1.65694966681 -2.01270444043
6.88 1.61409193727 -2.14288647697
6.9 1.56862332337 -2.27343069479
6.92 1.52054138231 -2.40409705295
6.94 1.46984940729 -2.53459875113
6.96 1.41655740293 -2.66460021797
6.98 1.3606830888 -2.79371570661
7.0 1.30225291558 -2.92150866085
7.02 1.2413030751 -3.04749202406
7.04 1.17788048182 -3.17112966428
7.06 1.11204370019 -3.29183908134
7.08 1.04386378934 -3.4089955424
7.1 0.973425034123 -3.52193776096
7.12 0.900825530369 -3.6299751877
7.14 0.826177591936 -3.73239692164
7.16 0.749607948412 -3.82848217621
7.18 0.671257705392 -3.917512151
7.2 0.591282044009 -3.99878306915
7.22 0.509849643025 -4.07162004922
7.24 0.427141815113 -4.13539139559
7.26 0.343351358698 -4.18952282077
7.28 0.258681137408 -4.2335110645
7.3 0.173342410312 -4.2669363548
7.32 0.0875529469116 -4.28947317001
7.34 0.00153497068298 -4.30089881143
7.36 -0.0844870169341 -4.30109938085
7.38 -0.170288474392 -4.29007287288
7.4 -0.255647058983 -4.26792922957
7.42 -0.340344806078 -4.23488735474
7.44 -0.424170190781 -4.19126923513
7.46 -0.506920019861 -4.137491454
7.48 -0.588401109842 -4.07405449908
7.5 -0.668431716904 -4.0015303531
7.52 -0.746842695032 -3.9205489064
7.54 -0.823478369967 -3.83178374674
7.56 -0.898197127219 -3.73593786258
7.58 -0.970871722192 -3.63372974866
7.6 -1.04138932884 -3.52588033261
7.62 -1.10965134998 -3.413101057
7.64 -1.17557301718 -3.29608335994
7.66 -1.23908281132 -3.1754897069
7.68 -1.30012173616 -3.05194624181
7.7 -1.35864247719 -2.92603705145
7.72 -1.41460847672 -2.7982999765
7.74 -1.46799295383 -2.66922385593
7.76 -1.51877789501 -2.53924705889
7.78 -1.56695303779 -2.40875713895
7.8 -1.61251486654 -2.27809143731
7.82 -1.65546563579 -2.14753846268
7.84 -1.69581243347 -2.01733988388
7.86 -1.73356629316 -1.88769298443
7.88 -1.76874136206 -1.75875344487
7.9 -1.80135412879 -1.63063833669
7.92 -1.8314227134 -1.5034292306
7.94 -1.8589662202 -1.37717533972
7.96 -1.88400415291 -1.2518966355
7.98 -1.9065558907 -1.12758688953
8.0 -1.92664022286 -1.00421660824
8.02 -1.94427493964 -0.881735839124
8.04 -1.9594764764 -0.760076837606
8.06 -1.97225960823 -0.639156591602
8.08 -1.98263719239 -0.518879208148
8.1 -1.99061995582 -0.399138171694
8.12 -1.99621632559 -0.27981848818
8.14 -1.99943230023 -0.160798732339
8.16 -2.0002713606 -0.0419530181772
8.18 -1.99873441889 0.0768470855753
8.2 -1.99481980545 0.195730672073
8.22 -1.98852329302 0.314825621378
8.24 -1.97983815882 0.434256710084
8.26 -1.96875528517 0.554143682047
8.28 -1.95526330002 0.674599257529
8.3 -1.93934875884 0.795727059449
8.32 -1.92099637009 0.917619437433
8.34 -1.90018926662 1.04035517312
8.36 -1.87690932555 1.16399705381
8.38 -1.85113753942 1.28858930623
8.4 -1.82285444166 1.41415488818
8.42 -1.7920405888 1.54069264292
8.44 -1.75867710219 1.66817433038
8.46 -1.722746271 1.79654155955
8.48 -1.68423221782 1.92570265906
8.5 -1.64312162708 2.05552953699
8.52 -1.59940453514 2.18585459727
8.54 -1.5530751792 2.31646779685
8.56 -1.50413290026 2.44711394683
8.58 -1.45258309269 2.57749037886
8.6 -1.39843819036 2.70724511615
8.62 -1.34171867628 2.83597570421
8.64 -1.28245409891 2.9632288683
8.66 -1.22068407549 3.08850117099
8.68 -1.15645925865 3.2112408419
8.7 -1.08984223985 3.3308509404
8.72 -1.02090836007 3.44669398877
8.74 -0.949746396526 3.55809817725
8.76 -0.876459092708 3.66436519092
8.78 -0.801163499824 3.76477964419
8.8 -0.72399109921 3.8586200307
8.82 -0.64508767901 3.94517101001
8.84 -0.564612943795 4.02373676074
8.86 -0.482739842993 4.0936550401
8.88 -0.399653612824 4.15431150847
8.9 -0.315550536548 4.20515381376
8.92 -0.23063643874 4.24570489042
8.94 -0.145124940363 4.27557491885
8.96 -0.0592355120215 4.29447141707
8.98 0.0268086279445 4.3022069983
9.0 0.112782716421 4.29870442383
9.02 0.198462690512 4.28399870453
9.04 0.283627413449 4.25823614688
9.06 0.36806082127 4.22167039104
9.08 0.451553933977 4.17465563534
9.1 0.53390668146 4.11763737416
9.12 0.61492950312 4.05114108302
9.14 0.694444690322 3.97575936008
9.16 0.772287451773 3.89213807255
9.18 0.848306692984 3.80096206055
9.2 0.922365511424 3.70294092202
9.22 0.99434141835 3.5987953463
9.24 1.06412630613 3.48924438883
9.26 1.13162618596 3.37499399147
9.28 1.19676072519 3.25672696147
9.3 1.25946261585 3.13509453302
9.32 1.31967680692 3.01070955359
9.34 1.37735963227 2.88414126771
9.36 1.43247786456 2.75591161449
9.38 1.48500772283 2.62649291338
9.4 1.53493385852 2.49630678461
9.42 1.58224834123 2.36572413523
9.44 1.62694966196 2.23506603685
9.46 1.66904176846 2.10460532493
9.48 1.70853314365 1.97456875943
9.5 1.74543593568 1.84513960127
9.52 1.7797651452 1.71646047626
9.54 1.81153787353 1.58863641658
9.56 1.8407726333 1.46173798839
9.58 1.86748872194 1.33580443218
9.6 1.89170565712 1.21084675871
9.62 1.91344267229 1.08685075855
9.64 1.93271827022 0.963779896352
9.66 1.94954983165 0.841578071882
9.68 1.96395327645 0.72017223998
9.7 1.97594277423 0.599474888933
9.72 1.9855305019 0.479386383521
9.74 1.99272644558 0.359797183954
9.76 1.9975382447 0.240589956004
9.78 1.99997107652 0.121641590704
9.8 2.0000275796 0.00282515422383
9.82 1.9977078154 -0.11598820982
9.84 1.99300926736 -0.234927402371
9.86 1.98592687753 -0.354119491511
9.88 1.97645312129 -0.473687811835
9.9 1.96457812094 -0.593750017355
9.92 1.95028979963 -0.714416065603
9.94 1.93357407739 -0.83578611224
9.96 1.91441511143 -0.95794829766
9.98 1.89279558323 -1.08097641015
10.0 1.86869703495 -1.20492741412
