0.02 0.0997391020045 -0.0130448997752
0.04 0.0992179844296 -0.0260558787467
0.06 0.0984380023962 -0.0389991016668
0.08 0.0974011843113 -0.0518409042456
0.1 0.0961102267464 -0.0645478782447
0.12 0.0945684876243 -0.0770869561048
0.14 0.0927799777254 -0.0894254949465
0.16 0.0907493505298 -0.10153135978
0.18 0.0884818904148 -0.113373005749
0.2 0.08598349923 -0.124919559242
0.22 0.0832606812764 -0.136140897677
0.24 0.080320526721 -0.147007727773
0.26 0.0771706934785 -0.157491662122
0.28 0.0738193876017 -0.167565293842
0.3 0.0702753422192 -0.177202269123
0.32 0.0665477950706 -0.186377357434
0.34 0.0626464646867 -0.195066519192
0.36 0.0585815252736 -0.203246970654
0.38 0.0543635803568 -0.210897245841
0.4 0.050003635252 -0.217997255242
0.42 0.0455130684299 -0.224528341106
0.44 0.0409036018478 -0.230473329104
0.46 0.0361872703247 -0.235816576153
0.48 0.0313763900406 -0.240544014206
0.5 0.0264835262439 -0.244643189836
0.52 0.0215214602554 -0.248103299425
0.54 0.016503155859 -0.250915219819
0.56 0.0114417251729 -0.253071534302
0.58 0.00635039409753 -0.254566553771
0.6 0.00124246743708 -0.255396333022
0.62 -0.0038687062041 -0.255558682059
0.64 -0.00896976965162 -0.255053172376
0.66 -0.0140473924154 -0.253881138191
0.68 -0.0190883058678 -0.252045672616
0.7 -0.0240793382433 -0.249551618779
0.72 -0.0290074493625 -0.246405555958
0.74 -0.0338597649778 -0.242615780767
0.76 -0.0386236106478 -0.2381922835
0.78 -0.0432865450427 -0.233146719742
0.8 -0.0478363925898 -0.227492377356
0.82 -0.0522612753703 -0.221244139023
0.84 -0.0565496441796 -0.214418440469
0.86 -0.0606903086713 -0.207033224583
0.88 -0.0646724665031 -0.199107891589
0.9 -0.0684857314131 -0.190663245501
0.92 -0.072120160154 -0.181721437044
0.94 -0.0755662782194 -0.172305903269
0.96 -0.078815104301 -0.162441304082
0.98 -0.0818581734188 -0.152153455889
1.0 -0.0846875586708 -0.1414692626
1.02 -0.0872958915546 -0.130416644194
1.04 -0.0896763808159 -0.119024463063
1.06 -0.0918228297828 -0.107322448345
1.08 -0.093729652152 -0.0953411184578
1.1 -0.0953918861924 -0.0831117020221
1.12 -0.0968052073399 -0.0706660573732
1.14 -0.0979659391568 -0.0580365908459
1.16 -0.098871062637 -0.0452561740119
1.18 -0.0995182238379 -0.0323580600425
1.2 -0.0999057398252 -0.0193757993658
1.22 -0.100032602921 -0.00634315477937
1.24 -0.0998984832444 0.00670598382104
1.26 -0.0995037295455 0.019737684942
1.28 -0.0988493683242 0.0327180610673
1.3 -0.0979371012411 0.0456133541542
1.32 -0.0967693008232 0.0583900208963
1.34 -0.0953490044712 0.0710148175974
1.36 -0.0936799067813 0.0834548844975
1.38 -0.0917663501935 0.0956778293876
1.4 -0.0896133139866 0.107651810346
1.42 -0.0872264016382 0.119345617422
1.44 -0.0846118265765 0.130728753085
1.46 -0.0817763963512 0.141771511263
1.48 -0.078727495256 0.15244505476
1.5 -0.0754730654386 0.162721490869
1.52 -0.0720215865392 0.172573944969
1.54 -0.0683820539013 0.181976631894
1.56 -0.064563955404 0.190904924866
1.58 -0.0605772469688 0.199335421762
1.6 -0.0564323267986 0.207246008509
1.62 -0.052140008411 0.214615919378
1.64 -0.0477114925317 0.221425793966
1.66 -0.0431583379188 0.227657730646
1.68 -0.0384924311932 0.23329533628
1.7 -0.0337259557533 0.238323771996
1.72 -0.0288713598565 0.242729794839
1.74 -0.0239413239542 0.246501795115
1.76 -0.0189487273689 0.249629829266
1.78 -0.013906614406 0.252105648144
1.8 -0.00882815999552 0.253922720523
1.82 -0.00372663495994 0.255076251779
1.84 0.00138462899246 0.25556319762
1.86 0.00649227444892 0.255382272823
1.88 0.0115829535473 0.254533954921
1.9 0.016643363204 0.253020482834
1.92 0.0216602802128 0.250845850441
1.94 0.0266205961155 0.248015795134
1.96 0.0315113517434 0.244537781395
1.98 0.0363197713331 0.240420979486
2.0 0.04103329612 0.235676239344
2.02 0.0456396173159 0.230316059797
2.04 0.0501267083809 0.224354553248
2.06 0.0544828565005 0.217807405979
2.08 0.0586966931853 0.210691834238
2.1 0.0627572239114 0.203026536309
2.12 0.0666538567264 0.194831640748
2.14 0.0703764297463 0.186128650993
2.16 0.0739152374775 0.176940386561
2.18 0.0772610558985 0.16729092105
2.2 0.0804051662416 0.157205517155
2.22 0.0833393774203 0.146710558936
2.24 0.086056047051 0.135833481533
2.26 0.0885481010223 0.124602698566
2.28 0.0908090515707 0.113047527423
2.3 0.0928330138235 0.101198112639
2.32 0.0946147207751 0.0890853475785
2.34 0.0961495366673 0.0767407946117
2.36 0.0974334687467 0.06419660397
2.38 0.0984631773762 0.0514854314726
2.4 0.099235984482 0.0386403552922
2.42 0.0997498803207 0.0256947919346
2.44 0.100003528553 0.0126824115965
2.46 0.0999962696138 -0.000362946939382
2.48 0.0997281223796 -0.0134073617125
2.5 0.0991997841167 -0.0264169131423
2.52 0.0984126287251 -0.0393577695821
2.54 0.0973687032708 -0.0521962727144
2.56 0.0960707228181 -0.0648990226339
2.58 0.0945220635689 -0.0774329624597
2.6 0.0927267543226 -0.0897654623164
2.62 0.0906894662722 -0.101864402519
2.64 0.0884155011565 -0.113698255789
2.66 0.0859107777899 -0.12523616833
2.68 0.0831818169984 -0.136448039571
2.7 0.0802357249904 -0.147304600399
2.72 0.0770801751969 -0.157777489674
2.74 0.0737233886203 -0.167839328833
2.76 0.070174112733 -0.177463794364
2.78 0.0664415989738 -0.186625687958
2.8 0.062535578892 -0.195301004092
2.82 0.058466238995 -0.203466994849
2.84 0.05424419436 -0.211102231753
2.86 0.0498804610724 -0.218186664379
2.88 0.0453864275614 -0.224701675551
2.9 0.0407738249034 -0.230630132897
2.92 0.0360546961721 -0.235956436564
2.94 0.0312413649143 -0.240666562895
2.96 0.0263464028365 -0.244748103888
2.98 0.0213825967911 -0.248190302269
3.0 0.0163629151509 -0.250984082012
3.02 0.0113004736672 -0.253122074183
3.04 0.00620850090756 -0.254598637982
3.06 0.00110030336978 -0.255409876889
3.08 -0.00401076962689 -0.255553649833
3.1 -0.0091113611737 -0.255029577341
3.12 -0.0141881420261 -0.25383904262
3.14 -0.019227845778 -0.251985187594
3.16 -0.0242173038558 -0.249472903889
3.18 -0.0291434802321 -0.246308818817
3.2 -0.0339935057609 -0.242501276438
3.22 -0.0387547120362 -0.238060313766
3.24 -0.0434146646811 -0.232997632246
3.26 -0.0479611959735 -0.227326564622
3.28 -0.0523824367205 -0.22106203735
3.3 -0.0566668472948 -0.214220528712
3.32 -0.0608032477511 -0.206820022816
3.34 -0.0647808469445 -0.19887995967
3.36 -0.068589270575 -0.190421181526
3.38 -0.0722185880893 -0.181465875715
3.4 -0.0756593383727 -0.172037514169
3.42 -0.07890255417 -0.162160789866
3.44 -0.081939785178 -0.151861550401
3.46 -0.0847631197564 -0.14116672892
3.48 -0.0873652052087 -0.130104272615
3.5 -0.089739266589 -0.118703069014
3.52 -0.0918791239942 -0.106992870263
3.54 -0.0937792083064 -0.0950042156065
3.56 -0.0954345753518 -0.0827683522712
3.58 -0.0968409184507 -0.0703171549433
3.6 -0.0979945793311 -0.0576830440195
3.62 -0.0988925573874 -0.0448989028183
3.64 -0.0995325172658 -0.0319979939213
3.66 -0.0999127947621 -0.0190138748123
3.68 -0.100032401022 -0.00598031297783
3.7 -0.0998910250342 0.00706879937297
3.72 -0.0994890344179 0.0200995308129
3.74 -0.0988274744925 0.0330779962714
3.76 -0.097908065642 0.0459704425265
3.78 -0.0967331989728 0.058743333459
3.8 -0.0953059302745 0.0713634349133
3.82 -0.0936299722944 0.0837978990058
3.84 -0.0917096853401 0.0960143477173
3.86 -0.089550066228 0.107980955603
3.88 -0.0871567355992 0.119666531443
3.9 -0.084535923626 0.131040598657
3.92 -0.08169445414 0.142073474299
3.94 -0.0786397272115 0.152736346426
3.96 -0.0753797002183 0.16300134966
3.98 -0.0719228674438 0.172841638724
4.0 -0.0682782382489 0.182231459749
4.02 -0.0644553138662 0.191146219132
4.04 -0.0604640628717 0.199562549728
4.06 -0.0563148953884 0.207458374162
4.08 -0.0520186360877 0.214812965036
4.1 -0.0475864960515 0.22160700181
4.12 -0.0430300435684 0.227822624154
4.14 -0.0383611739373 0.233443481556
4.16 -0.0335920783576 0.238454778986
4.18 -0.0287352119891 0.242843318424
4.2 -0.0238032612673 0.246597536091
4.22 -0.0188091105635 0.249707535192
4.24 -0.0137658082823 0.252165114058
4.26 -0.00868653249167 0.253963789531
4.28 -0.00358455618162 0.255098815503
4.3 0.00152678774853 0.255567196507
4.32 0.00663414167492 0.255367696319
4.34 0.0117241585049 0.254500841499
4.36 0.0167835369026 0.252968919884
4.38 0.0217990563829 0.250775974019
4.4 0.0267576121744 0.247927789573
4.42 0.03164624975 0.244431878778
4.44 0.0364521989297 0.240297458985
4.46 0.0411629074581 0.235535426424
4.48 0.0457660739641 0.230158325296
4.5 0.0502496802107 0.224180312333
4.52 0.0546020225503 0.217617116977
4.54 0.0588117424975 0.210485997361
4.56 0.0628678563427 0.202805692262
4.58 0.0667597837275 0.194596369238
4.6 0.0704773751102 0.185879569138
4.62 0.0740109380544 0.17667814721
4.64 0.0773512622746 0.167016211011
4.66 0.0804896433817 0.156919055354
4.68 0.0834179052715 0.146413094488
4.7 0.0861284211067 0.135525791759
4.72 0.0886141328455 0.12428558694
4.74 0.0908685692748 0.112721821468
4.76 0.0928858625102 0.100864661768
4.78 0.0946607629281 0.0887450208978
4.8 0.0961886525017 0.0763944786775
4.82 0.097465556512 0.0638452005171
4.84 0.0984881536142 0.0511298551109
4.86 0.0992537842378 0.03828153118
4.88 0.0997604573065 0.0253336534325
4.9 0.100006855265 0.0123198979058
4.92 0.0999923374016 -0.000725893148663
4.94 0.0997169414681 -0.0137697966793
4.96 0.0991813835802 -0.0267778943951
4.98 0.0983870564138 -0.0397163583163
5.0 0.0973360256906 -0.0525515361637
5.02 0.0960310249619 -0.0652500364305
5.04 0.0944754487024 -0.0777788129792
5.06 0.0926733437223 -0.0901052490029
5.08 0.0906293989186 -0.102197240185
5.1 0.0883489333809 -0.114023276888
5.12 0.0858378828771 -0.12555252519
5.14 0.0831027847452 -0.136754906594
5.16 0.0801507612209 -0.147601176214
5.18 0.0769895012362 -0.158062999235
5.2 0.0736272407269 -0.168113025467
5.22 0.0700727414917 -0.177724961756
5.24 0.0663352686505 -0.186873642061
5.26 0.0624245667511 -0.195535094972
5.28 0.0583508345821 -0.203686608448
5.3 0.054124698751 -0.211306791556
5.32 0.0497571860909 -0.218375633005
5.34 0.0452596949663 -0.224874556231
5.36 0.0406439655491 -0.230786470857
5.38 0.0359220491433 -0.236095820293
5.4 0.0311062766372 -0.240788625302
5.42 0.0262092261705 -0.244852523337
5.44 0.0212436901007 -0.248276803488
5.46 0.0162226413632 -0.251052436879
5.48 0.0111591993157 -0.253172102374
5.5 0.00606659516589 -0.254630207489
5.52 0.000958137077996 -0.255422904395
5.54 -0.00415282494108 -0.255548100954
5.56 -0.0092529342755 -0.255005466721
5.58 -0.0143288629534 -0.253796433895
5.6 -0.0193673468175 -0.251924193204
5.62 -0.0243552205126 -0.249393684757
5.64 -0.0292794521904 -0.24621158389
5.66 -0.0341271778322 -0.242386282088
5.68 -0.0388857350934 -0.237927863062
5.7 -0.0435426965753 -0.232848074094
5.72 -0.0480859024309 -0.22716029278
5.74 -0.0525034922172 -0.220879489318
5.76 -0.0567839359074 -0.214022184508
5.78 -0.0609160639803 -0.206606403642
5.8 -0.0648890965096 -0.198651626467
5.82 -0.0686926711782 -0.190178733432
5.84 -0.0723168701467 -0.181209948425
5.86 -0.0757522457109 -0.171768778211
5.88 -0.0789898446867 -0.161879948788
5.9 -0.0820212314644 -0.151569338888
5.92 -0.0848385096811 -0.140863910834
5.94 -0.0874343424607 -0.129791638978
5.96 -0.0898019711792 -0.118381435925
5.98 -0.0919352327145 -0.106663076766
6.0 -0.0938285751448 -0.0946671215128
6.02 -0.0954770718635 -0.0824248359365
6.04 -0.0968764340837 -0.0699681110102
6.06 -0.0980230217063 -0.0573293811287
6.08 -0.0989138525321 -0.0445415412926
6.1 -0.0995466098007 -0.0316378634282
6.12 -0.0999196480409 -0.0186519120096
6.14 -0.100031997224 -0.00561745914633
6.16 -0.0998833652097 0.00743160070532
6.18 -0.0994741384847 0.0204613362505
6.2 -0.0988053811861 0.0334378649305
6.22 -0.0978788324179 0.0463274384101
6.24 -0.0966969018614 0.0590965278229
6.26 -0.0952626636891 0.0717119086191
6.28 -0.0935798487919 0.0841407448559
6.3 -0.0916528353366 0.0963506727683
6.32 -0.0894866376675 0.108309883451
6.34 -0.087086893578 0.119987204478
6.36 -0.0844598499724 0.131352180281
6.38 -0.0816123469504 0.142375151098
6.4 -0.0785518003445 0.153027330297
6.42 -0.0752861827467 0.163280879888
6.44 -0.0718240030668 0.173108983993
6.46 -0.068174284665 0.182485920092
6.48 -0.0643465421089 0.191387127808
6.5 -0.0603507566084 0.199789275024
6.52 -0.0561973501862 0.207670321112
6.54 -0.0518971586453 0.215009577043
6.56 -0.0474614034016 0.221787762185
6.58 -0.0429016622507 0.227987057545
6.6 -0.0382298391453 0.23359115527
6.62 -0.0334581330613 0.238585304202
6.64 -0.0285990060355 0.24295635129
6.66 -0.0236651504616 0.246692778691
6.68 -0.0186694557337 0.249784736396
6.7 -0.013624974329 0.252224070235
6.72 -0.0085448874264 0.254004345131
6.74 -0.00344247015638 0.255120863501
6.76 0.00166894341788 0.255570678713
6.78 0.0067759954887 0.255352603541
6.8 0.0118653397601 0.254467213572
6.82 0.0169236766713 0.252916845556
6.84 0.0219377884852 0.250705590696
6.86 0.0268945741436 0.247839282923
6.88 0.0317810837877 0.244325482203
6.9 0.0365845528468 0.240173452955
6.92 0.0412924356004 0.235394137679
6.94 0.0458924381188 0.230000125922
6.96 0.0503725504931 0.224005618713
6.98 0.0547210782655 0.217426388622
7.0 0.0589266729781 0.210279735627
7.02 0.0629783617573 0.20258443896
7.04 0.06686557586 0.194360705138
7.06 0.0705781781075 0.185630112375
7.08 0.0741064891395 0.1764155516
7.1 0.0774413124252 0.166741164284
7.12 0.0805739579711 0.156632277298
7.14 0.0834962646718 0.146115335031
7.16 0.0862006212513 0.135217828977
7.18 0.0886799857514 0.123968225006
7.2 0.0909279035222 0.112395888541
7.22 0.092938523679 0.10053100784
7.24 0.0947066139909 0.0884045155902
7.26 0.0962275741709 0.0760480089999
7.28 0.0974974475427 0.0634936685936
7.3 0.0985129310602 0.0507741758762
7.32 0.0992713836613 0.0379226300524
7.34 0.0997708329406 0.024972463967
7.36 0.100009980129 0.0119573594321
7.38 0.0999882033713 -0.00108883789775
7.4 0.0997055592924 -0.0141322039466
7.42 0.0991627828568 -0.0271388217787
7.44 0.0983612855139 -0.0400748671477
7.46 0.0973031516363 -0.0529066938783
7.48 0.0959911332577 -0.0656009189278
7.5 0.0944286431184 -0.0781245069668
7.52 0.092619746032 -0.0904448543213
7.54 0.0905691485898 -0.102529872107
7.56 0.0882821872221 -0.114348068388
7.58 0.0857648146384 -0.125868629182
7.6 0.0830235846759 -0.137061498126
7.62 0.0800656355836 -0.147897454617
7.64 0.076898671779 -0.158348190226
7.66 0.0735309441152 -0.168386383191
7.68 0.0699712286998 -0.177985770768
7.7 0.066228804315 -0.18712121924
7.72 0.0623134284879 -0.195768791359
7.74 0.0582353122678 -0.203905811003
7.76 0.0540050937711 -0.211510924836
7.78 0.0496338105564 -0.218564160735
7.8 0.0451328709005 -0.225046982794
7.82 0.0405140240472 -0.230942342665
7.84 0.0357893295061 -0.236234727056
7.86 0.0309711254825 -0.240910201178
7.88 0.0260719965231 -0.244956447968
7.9 0.021104740465 -0.248362802906
7.92 0.0160823347794 -0.251120284281
7.94 0.0110179024039 -0.253221618774
7.96 0.0059246771594 -0.254661262227
7.98 0.000815968849134 -0.255435415513
8.0 -0.00429487185949 -0.255542035431
8.02 -0.00939448867082 -0.254980840567
8.04 -0.0144695549129 -0.253753312103
8.06 -0.0195068087043 -0.251862689569
8.08 -0.0244930879352 -0.249313961544
8.1 -0.0294153649626 -0.246113851373
8.12 -0.0342607809216 -0.24227079795
8.14 -0.0390166795548 -0.237794931659
8.16 -0.0436706404667 -0.232698045593
8.18 -0.04821051171 -0.226993562169
8.2 -0.052624441616 -0.220696495297
8.22 -0.0569009097812 -0.213823408261
8.24 -0.0610287571311 -0.206392367495
8.26 -0.06499721498 -0.198422892444
8.28 -0.0687959330142 -0.189935901711
8.3 -0.0724150061281 -0.180953655694
8.32 -0.0758450000469 -0.17149969594
8.34 -0.0790769756752 -0.161598781417
8.36 -0.082102512114 -0.15127682194
8.38 -0.0849137282931 -0.140560808955
8.4 -0.0875033031714 -0.129478743915
8.42 -0.0898644944603 -0.118059564444
8.44 -0.0919911558307 -0.106333068519
8.46 -0.0938777525678 -0.0943298368563
8.48 -0.095519375642 -0.0820811537101
8.5 -0.0969117541675 -0.069618926277
8.52 -0.0980512662252 -0.0569756028855
8.54 -0.0989349480283 -0.0441840901538
8.56 -0.0995605014141 -0.0312776692878
8.58 -0.0999262996478 -0.018289911686
8.6 -0.100031391528 -0.00525459401477
8.62 -0.0998755037863 0.00779438708827
8.64 -0.0994590417758 0.0208231005269
8.66 -0.0987830884494 0.0337976663205
8.68 -0.0978494016276 0.0466843410864
8.7 -0.0966604095621 0.0594496032768
8.72 -0.0952192048018 0.0720602380127
8.74 -0.0935295363747 0.0844834213571
8.76 -0.0915958002974 0.0966868038628
8.78 -0.0894230284329 0.108638593227
8.8 -0.0870168757153 0.120307635881
8.82 -0.0843836057687 0.131663497327
8.84 -0.0815300749478 0.142676541049
8.86 -0.0784637148321 0.153318005785
8.88 -0.0751925132123 0.163560080987
8.9 -0.0717249936076 0.173375980234
8.92 -0.0680701933595 0.182740012406
8.94 -0.0642376403514 0.191627650405
8.96 -0.0602373284076 0.200015597191
8.98 -0.0560796914291 0.207881848926
9.0 -0.0517755763291 0.215205755
9.02 -0.0473362148346 0.221968074725
9.04 -0.0427731942249 0.228151030483
9.06 -0.0380984270825 0.23373835712
9.08 -0.0333241201349 0.238715347379
9.1 -0.0284627422708 0.243068893206
9.12 -0.0235269918164 0.246787522721
9.14 -0.018529763162 0.249861432722
9.16 -0.0134841128308 0.252282516555
9.18 -0.00840322508605 0.25404438724
9.2 -0.00330037717148 0.255142395729
9.22 0.00181109571311 0.255573644229
9.24 0.00691783560349 0.255336994519
9.26 0.0120064970277 0.25443307121
9.28 0.0170637822268 0.252864259958
9.3 0.0220764762391 0.250634700615
9.32 0.0270314817464 0.247750275364
9.34 0.0319158535842 0.244218591886
9.36 0.0367168328171 0.240048961648
9.38 0.0414218802851 0.235252373397
9.4 0.046018709525 0.229841461998
9.42 0.0504953189799 0.223830472745
9.44 0.054840023406 0.217235221302
9.46 0.0590414843951 0.210073049457
9.48 0.0630887399322 0.202362776854
9.5 0.0669712329107 0.194124648926
9.52 0.0706788385349 0.185380281209
9.54 0.0742018905402 0.176152600264
9.56 0.0775312061686 0.166465781423
9.58 0.08065810984 0.156345183566
9.6 0.0835744554633 0.145817281167
9.62 0.0862726473395 0.134909593809
9.64 0.0887456596075 0.123650613403
9.66 0.0909870541935 0.112069729299
9.68 0.0929909972241 0.100197151528
9.7 0.0947522738709 0.088063832342
9.72 0.0962663015965 0.0757013862768
9.74 0.0975291417746 0.0631420089071
9.76 0.0985375096643 0.0504183944844
9.78 0.0992887827169 0.0375636526316
9.8 0.0997810072022 0.0246112242647
9.82 0.10001290314 0.0115947969049
9.84 0.0999838675312 -0.00145178045653
9.86 0.0996939758755 -0.0144945827852
9.88 0.0991439819841 -0.0274996945671
9.9 0.0983353160771 -0.0404332953549
9.92 0.0972700811742 -0.0532617451434
9.94 0.0959510477858 -0.0659516694192
9.96 0.0943816469113 -0.0784700437261
9.98 0.0925659613595 -0.0907842775871
10.0 0.0905087154073 -0.102862297614
