0.02 2.99963120638 -0.0184396810532
0.04 2.99889266503 -0.0369270676325
0.06 2.9977824654 -0.0555099811176
0.08 2.99629773591 -0.0742364746987
0.1 2.99443463692 -0.0931549495366
0.12 2.99218835149 -0.112314271217
0.14 2.98955307376 -0.131763886576
0.16 2.98652199494 -0.151553940955
0.18 2.98308728703 -0.171735395922
0.2 2.97924008408 -0.192360147465
0.22 2.97497046118 -0.213481144627
0.24 2.97026741101 -0.2351525085
0.26 2.96511881798 -0.257429651465
0.28 2.95951143006 -0.280369396471
0.3 2.95343082813 -0.304030096098
0.32 2.94686139311 -0.328471751046
0.34 2.93978627056 -0.353756127586
0.36 2.93218733309 -0.379946873414
0.38 2.92404514047 -0.407109631163
0.4 2.91533889749 -0.435312148714
0.42 2.90604640979 -0.464624385207
0.44 2.89614403756 -0.495118611482
0.46 2.88560664749 -0.526869503366
0.48 2.87440756297 -0.559954225982
0.5 2.86251851284 -0.59445250687
0.52 2.84990957893 -0.630446695352
0.54 2.83654914283 -0.668021805087
0.56 2.8224038321 -0.707265536284
0.58 2.80743846663 -0.748268273441
0.6 2.79161600556 -0.791123053795
0.62 2.77489749554 -0.83592550096
0.64 2.75724202119 -0.882773717348
0.66 2.73860665863 -0.931768128046
0.68 2.71894643328 -0.983011267771
0.7 2.69821428325 -1.03660750136
0.72 2.67636102991 -1.09266266702
0.74 2.6533353573 -1.15128363012
0.76 2.62908380263 -1.21257773398
0.78 2.60355075998 -1.27665213241
0.8 2.57667850023 -1.34361298732
0.82 2.54840720997 -1.41356451302
0.84 2.51867505302 -1.48660784745
0.86 2.48741825844 -1.56283972895
0.88 2.45457123931 -1.64235095639
0.9 2.42006674713 -1.72522460929
0.92 2.38383606703 -1.81153400493
0.94 2.34580925964 -1.90134036945
0.96 2.3059154556 -1.99469020211
0.98 2.2640832093 -2.09161231473
1.0 2.22024091864 -2.19211453302
1.02 2.17431731757 -2.29618005371
1.04 2.12624204835 -2.40376346092
1.06 2.07594632 -2.51478641774
1.08 2.02336365868 -2.62913306558
1.1 1.96843075501 -2.74664518378
1.12 1.91108841128 -2.86711718655
1.14 1.85128259001 -2.99029106316
1.16 1.78896556202 -3.11585139972
1.18 1.72409714887 -3.24342065758
1.2 1.65664605045 -3.37255492093
1.22 1.58659124315 -3.50274036516
1.24 1.51392342849 -3.63339073285
1.26 1.43864650581 -3.76384613407
1.28 1.36077903568 -3.89337350662
1.3 1.28035565417 -4.02116907513
1.32 1.19742839156 -4.14636313056
1.34 1.11206784341 -4.26802740785
1.36 1.02436413809 -4.38518526587
1.38 0.934427642737 -4.49682476756
1.4 0.842389350349 -4.60191461938
1.42 0.748400895083 -4.69942276332
1.44 0.652634150523 -4.78833722797
1.46 0.555280377478 -4.86768865225
1.48 0.456548903257 -4.93657371105
1.5 0.356665332921 -4.99417851683
1.52 0.255869313654 -5.03980096331
1.54 0.154411894959 -5.07287093475
1.56 0.0525525481639 -5.09296733978
1.58 -0.0494440727505 -5.09983104572
1.6 -0.151311532464 -5.09337298566
1.62 -0.252785071876 -5.07367697062
1.64 -0.353605012736 -5.04099704299
1.66 -0.453520003243 -4.99574952537
1.68 -0.55229000772 -4.93850022385
1.7 -0.649688957847 -4.86994750631
1.72 -0.745507001345 -4.7909021749
1.74 -0.839552304774 -4.70226517149
1.76 -0.931652388628 -4.6050041927
1.78 -1.02165499364 -4.50013025054
1.8 -1.10942849582 -4.38867510901
1.82 -1.19486190327 -4.27167037232
1.84 -1.27786447961 -4.15012881727
1.86 -1.35836504699 -4.02502836897
1.88 -1.43631102563 -3.89729893214
1.9 -1.51166726811 -3.76781212361
1.92 -1.58441474434 -3.63737381178
1.94 -1.65454912958 -3.50671926173
1.96 -1.72207934178 -3.37651060999
1.98 -1.78702606874 -3.24733634837
2.0 -1.8494203183 -3.11971247805
2.02 -1.90930201826 -2.99408499803
2.04 -1.96671868647 -2.8708334105
2.06 -2.02172418558 -2.75027495511
2.08 -2.07437757197 -2.63266931969
2.1 -2.12474204424 -2.51822361335
2.12 -2.17288399276 -2.40709742606
2.14 -2.21887214946 -2.29940783517
2.16 -2.2627768345 -2.19523425198
2.18 -2.30466929512 -2.09462303069
2.2 -2.34462113084 -1.99759178616
2.22 -2.3827037986 -1.90413338787
2.24 -2.41898819086 -1.81421961325
2.26 -2.45354428 -1.72780445676
2.28 -2.48644082201 -1.64482710061
2.3 -2.51774511321 -1.56521456019
2.32 -2.54752279365 -1.48888402197
2.34 -2.57583769155 -1.41574489481
2.36 -2.6027517035 -1.3457005975
2.38 -2.62832470561 -1.27865010564
2.4 -2.65261449123 -1.21448928106
2.42 -2.67567673136 -1.15311200628
2.44 -2.69756495426 -1.09441114513
2.46 -2.71833054125 -1.03827934958
2.48 -2.73802273587 -0.984609730997
2.5 -2.75668866413 -0.933296412792
2.52 -2.77437336372 -0.884234979519
2.54 -2.79111982044 -0.83732283618
2.56 -2.80696901024 -0.792459489919
2.58 -2.82195994554 -0.74954676495
2.6 -2.83612972474 -0.708488960281
2.62 -2.84951358392 -0.669192958659
2.64 -2.8621449498 -0.631568294099
2.66 -2.87405549349 -0.595527184395
2.68 -2.88527518417 -0.560984534208
2.7 -2.89583234244 -0.527857913538
2.72 -2.90575369276 -0.496067515722
2.74 -2.91506441473 -0.465536098547
2.76 -2.92378819296 -0.436188911497
2.78 -2.93194726519 -0.407953611763
2.8 -2.93956246862 -0.380760171187
2.82 -2.94665328414 -0.354540776025
2.84 -2.95323787856 -0.32922972108
2.86 -2.95933314455 -0.30476329951
2.88 -2.96495473834 -0.281079689392
2.9 -2.9701171151 -0.258118837938
2.92 -2.97483356198 -0.235822344075
2.94 -2.97911622878 -0.214133339982
2.96 -2.98297615622 -0.192996372044
2.98 -2.98642330185 -0.172357281567
3.0 -2.98946656356 -0.152163085543
3.02 -2.99211380071 -0.132361857639
3.04 -2.9943718529 -0.112902609551
3.06 -2.99624655636 -0.0937351727981
3.08 -2.99774275798 -0.0748100809879
3.1 -2.99886432703 -0.0560784525443
3.12 -2.99961416451 -0.0374918738721
3.14 -2.99999421017 -0.0190022828918
3.16 -3.00000544722 -0.000561852871577
3.18 -2.99964790475 0.0178771235339
3.2 -2.99892065775 0.0363623501392
3.22 -2.99782182489 0.0549416430796
3.24 -2.99634856395 0.0736630467639
3.26 -2.99449706495 0.0925749500266
3.28 -2.9922625409 0.111726202572
3.3 -2.98963921626 0.131166231788
3.32 -2.98662031307 0.150945159986
3.34 -2.98319803462 0.171113922109
3.36 -2.97936354694 0.191724383912
3.38 -2.97510695773 0.212829460577
3.4 -2.97041729302 0.234483235711
3.42 -2.96528247141 0.256741080568
3.44 -2.95968927594 0.279659773338
3.46 -2.95362332358 0.303297618219
3.48 -2.9470690323 0.327714563929
3.5 -2.94000958587 0.352972321197
3.52 -2.9324268963 0.379134478678
3.54 -2.92430156397 0.406266616544
3.56 -2.91561283563 0.434436416909
3.58 -2.90633856023 0.463713769995
3.6 -2.89645514274 0.494170874752
3.62 -2.88593749609 0.525882332401
3.64 -2.87475899147 0.558925231041
3.66 -2.86289140708 0.593379219148
3.68 -2.85030487578 0.629326565401
3.7 -2.83696783174 0.666852201801
3.72 -2.82284695681 0.706043746563
3.74 -2.80790712676 0.746991502663
3.76 -2.79211135821 0.789788427264
3.78 -2.77542075688 0.834530066503
3.8 -2.7577944679 0.881314449272
3.82 -2.73918962924 0.930241932693
3.84 -2.71956132942 0.981414990942
3.86 -2.69886257066 1.03493793792
3.88 -2.6770442392 1.09091657303
3.9 -2.65405508445 1.14945773788
3.92 -2.62984170904 1.21066877045
3.94 -2.60434857221 1.27465684145
3.96 -2.57751800908 1.34152815632
3.98 -2.54929026899 1.4113870045
4.0 -2.51960357627 1.48433463621
4.02 -2.48839421736 1.5604679455
4.04 -2.45559665861 1.63987793731
4.06 -2.42114369951 1.72264795528
4.08 -2.38496666656 1.80885164716
4.1 -2.34699565366 1.89855064501
4.12 -2.30715981488 1.99179193908
4.14 -2.26538771633 2.08860492734
4.16 -2.22160775379 2.18899812731
4.18 -2.17574864291 2.29295554364
4.2 -2.12773998902 2.40043269473
4.22 -2.07751294274 2.5113523138
4.24 -2.02500094761 2.62559975651
4.26 -1.97014058428 2.74301816684
4.28 -1.91287251472 2.86340347765
4.3 -1.85314252771 2.98649935061
4.32 -1.79090268385 3.11199219324
4.34 -1.72611255532 3.23950642642
4.36 -1.65874055103 3.36860021426
4.38 -1.58876531291 3.49876190632
4.4 -1.51617716334 3.62940747844
4.42 -1.44097957758 3.75987928769
4.44 -1.36319064804 3.88944647702
4.46 -1.28284450067 4.01730736851
4.48 -1.19999261732 4.14259416773
4.5 -1.11470501214 4.26438025874
4.52 -1.02707120621 4.38169029656
4.54 -0.937200942239 4.49351319869
4.56 -0.845224582248 4.59881799956
4.58 -0.751293134917 4.69657236655
4.6 -0.655577867119 4.78576338989
4.62 -0.558269465803 4.86542006583
4.64 -0.459576731645 4.93463670788
4.66 -0.359724804366 4.99259636396
4.68 -0.258952940202 5.03859320821
4.7 -0.157511883578 5.07205283117
4.72 -0.0556608958827 5.09254938477
4.74 0.0463354771896 5.09981865361
4.76 0.14821080354 5.09376631751
4.78 0.249700222123 5.07447092914
4.8 0.350543850786 5.04218143316
4.82 0.450490038216 4.99730937148
4.84 0.54929836271 4.94041622473
4.86 0.646742294782 4.87219660359
4.88 0.742611458862 4.79345820401
4.9 0.836713450119 4.70509956285
4.92 0.928875183927 4.6080866904
4.94 1.01894377629 4.50342961826
4.96 1.10678697223 4.39215979691
4.98 1.19229315471 4.27530912387
5.0 1.27537097872 4.15389120078
5.02 1.35594868321 4.02888522447
5.04 1.43397313781 3.90122272981
5.06 1.5094086825 3.77177723449
5.08 1.58223581641 3.64135669545
5.1 1.65244978797 3.51069857834
5.12 1.72005913329 3.38046726584
5.14 1.785084203 3.25125348522
5.16 1.84755571133 3.12357541659
5.18 1.90751333424 2.99788114542
5.2 1.96500437706 2.87455214138
5.22 2.02008252655 2.75390747429
5.24 2.07280669682 2.63620851371
5.26 2.12323997476 2.52166389676
5.28 2.17144866651 2.41043458742
5.3 2.21750144423 2.30263888627
5.32 2.2614685899 2.19835728334
5.34 2.3034213314 2.09763707509
5.36 2.34343126524 2.00049669174
5.38 2.38156985926 1.90692970135
5.4 2.41790802874 1.81690847365
5.42 2.45251577873 1.73038749959
5.44 2.48546190617 1.6473063722
5.46 2.51681375501 1.56759244169
5.48 2.54663701825 1.49116316243
5.5 2.57499558131 1.41792815268
5.52 2.6019514011 1.34779098979
5.54 2.62756441639 1.28065076412
5.56 2.65189248468 1.21640341471
5.58 2.67499134207 1.15494286939
5.6 2.69691458228 1.0961620104
5.62 2.71771365199 1.03995348559
5.64 2.73743785966 0.986210383599
5.66 2.75613439546 0.934826789863
5.68 2.77384836023 0.885698238661
5.7 2.79062280173 0.838722074976
5.72 2.8064987565 0.793797738383
5.74 2.8215152961 0.750826979864
5.76 2.83570957652 0.709714021151
5.78 2.84911688982 0.670365665042
5.8 2.8617707171 0.632691364088
5.82 2.87370278218 0.596603254091
5.84 2.88494310534 0.562016158016
5.86 2.89552005665 0.528847565138
5.88 2.90546040844 0.497017589623
5.9 2.91478938668 0.466448912095
5.92 2.92353072083 0.437066707276
5.94 2.93170669203 0.408798560295
5.96 2.93933817951 0.381574373887
5.98 2.94644470488 0.355326268345
6.0 2.95304447439 0.329988475808
6.02 2.959154419 0.305497230179
6.04 2.96479023207 0.281790653779
6.06 2.9699664049 0.258808641619
6.08 2.97469625978 0.236492744023
6.1 2.97899198075 0.214786048192
6.12 2.98286464193 0.193633059162
6.14 2.98632423354 0.172979580529
6.16 2.98937968545 0.152772595208
6.18 2.99203888837 0.132960146408
6.2 2.99430871275 0.113491218983
6.22 2.99619502518 0.0943156212031
6.24 2.99770270252 0.0753838670083
6.26 2.99883564369 0.0566470587251
6.28 2.9995967791 0.0380567702152
6.3 2.9999880777 0.0195649304018
6.32 3.00001055185 0.00112370709357
6.34 2.99966425967 -0.017314608982
6.36 2.99894830527 -0.0357977200353
6.38 2.99786083653 -0.0543734370653
6.4 2.99639904061 -0.073089795807
6.42 2.99455913715 -0.091995172877
6.44 2.99233636911 -0.111138402207
6.46 2.98972499127 -0.130568891845
6.48 2.98671825645 -0.150336741182
6.5 2.98330839927 -0.170492858646
6.52 2.97948661768 -0.191089079867
6.54 2.97524305195 -0.212178286282
6.56 2.97056676147 -0.233814524118
6.58 2.965445699 -0.256053123617
6.6 2.95986668263 -0.278950818319
6.62 2.95381536535 -0.30256586415
6.64 2.94727620219 -0.326958157954
6.66 2.94023241509 -0.35218935503
6.68 2.93266595539 -0.378322985092
6.7 2.92455746407 -0.405424565957
6.72 2.91588622978 -0.433561714072
6.74 2.90663014477 -0.46280425083
6.76 2.8967656587 -0.493224303383
6.78 2.88626773073 -0.524896398423
6.8 2.87510977979 -0.557897547091
6.82 2.86326363341 -0.592307318858
6.84 2.85069947538 -0.628207901799
6.86 2.83738579245 -0.665684146281
6.88 2.82328932068 -0.70482358852
6.9 2.80837499168 -0.745716449945
6.92 2.79260587953 -0.788455607583
6.94 2.77594314893 -0.833136529997
6.96 2.75834600548 -0.879857172416
6.98 2.73977164901 -0.928717823801
7.0 2.72017523106 -0.97982089753
7.02 2.69950981793 -1.03327065624
7.04 2.67772636073 -1.08917286011
7.06 2.6547736742 -1.14763432651
7.08 2.63059842645 -1.20876238743
7.1 2.60514514185 -1.27266422977
7.12 2.57835621982 -1.3394461016
7.14 2.55017197249 -1.40921236644
7.16 2.52053068478 -1.48206438557
7.18 2.48936870063 -1.55809920735
7.2 2.45662053981 -1.63740804114
7.22 2.42221904996 -1.72007449278
7.24 2.38609559919 -1.80617253838
7.26 2.34818031492 -1.89576421345
7.28 2.30840237499 -1.9888969965
7.3 2.26669035762 -2.0856008686
7.32 2.2229726569 -2.1858850357
7.34 2.17717797077 -2.28973430667
7.36 2.12923586817 -2.39710513019
7.38 2.07907744206 -2.50792130536
7.4 2.02663605411 -2.62206939757
7.42 1.97184817589 -2.73939391082
7.44 1.91465433005 -2.85969229185
7.46 1.85500013265 -2.98270987014
7.48 1.79283743525 -3.10813487018
7.5 1.72812556188 -3.23559366841
7.52 1.66083263177 -3.3646465055
7.54 1.59093695371 -3.49478390282
7.56 1.51842847235 -3.62542406825
7.58 1.44331024022 -3.75591160624
7.6 1.36559988288 -3.88551786706
7.62 1.28533101739 -4.01344327461
7.64 1.20255457827 -4.13882195582
7.66 1.11733999921 -4.26072895325
7.68 1.02977619461 -4.37819023014
7.7 0.939972283141 -4.49019557327
7.72 0.848057995894 -4.59571436233
7.74 0.754183715705 -4.69371400944
7.76 0.658520101958 -4.78318068738
7.78 0.561257266526 -4.86314177159
7.8 0.462603481806 -4.93268923602
7.82 0.362783420107 -4.99100308495
7.84 0.262035944269 -5.03737379191
7.86 0.160611490875 -5.07122266967
7.88 0.0587691083616 -5.09211912568
7.9 -0.0432267690293 -5.09979386955
7.92 -0.145109715641 -5.09414733059
7.94 -0.246614771657 -5.07525280082
7.96 -0.347481854055 -5.04335411989
7.98 -0.447459014799 -4.99885803718
8.0 -0.546305448643 -4.94232169219
8.02 -0.643794167037 -4.87443591969
8.04 -0.739714272811 -4.79600528871
8.06 -0.833872790996 -4.70792590925
8.08 -0.926096032664 -4.61116208342
8.1 -1.01623048949 -4.50672284136
8.12 -1.1041432755 -4.39563930049
8.14 -1.18972214819 -4.27894363419
8.16 -1.27287515326 -4.15765025396
8.18 -1.35352994558 -4.03273961603
8.2 -1.4316328431 -3.9051448758
8.22 -1.507147672 -3.77574144483
8.24 -1.58005445928 -3.64533936404
8.26 -1.65034802522 -3.51467829725
8.28 -1.71803652268 -3.3844248728
8.3 -1.78313996377 -3.2551720545
8.32 -1.84568876784 -3.12744020365
8.34 -1.90572235775 -3.00167949547
8.36 -1.96328782517 -2.87827337103
8.38 -2.01843867987 -2.75754273473
8.4 -2.07123369272 -2.63975064245
8.42 -2.121735838 -2.52510726409
8.44 -2.17001133684 -2.41377494224
8.46 -2.21612880095 -2.30587320527
8.48 -2.26015847347 -2.2014836262
8.5 -2.30217156243 -2.10065444781
8.52 -2.34223966082 -2.00340491938
8.54 -2.38043424704 -1.90972931096
8.56 -2.41682625879 -1.81960058766
8.58 -2.45148573358 -1.73297373969
8.6 -2.48448150905 -1.64978877337
8.62 -2.51588097657 -1.56997337591
8.64 -2.545749882 -1.49344527149
8.66 -2.57415216779 -1.42011428943
8.68 -2.60114985113 -1.3498841671
8.7 -2.62680293334 -1.28265411083
8.72 -2.6511693361 -1.21832013796
8.74 -2.67430486055 -1.15677622251
8.76 -2.69626316587 -1.09791526587
8.78 -2.71709576412 -1.04162991241
8.8 -2.73685202869 -0.98781322856
8.82 -2.75557921393 -0.936359262194
8.84 -2.77332248389 -0.887163497654
8.86 -2.79012494829 -0.840123220165
8.88 -2.80602770433 -0.795137801933
8.9 -2.82106988275 -0.752108920858
8.92 -2.83528869718 -0.710940721497
8.94 -2.84871949571 -0.671539926761
8.96 -2.86139581387 -0.633815907768
8.98 -2.87334942823 -0.597680718334
9.0 -2.88461041023 -0.563049099703
9.02 -2.89520717944 -0.529838460393
9.04 -2.90516655614 -0.497968835337
9.06 -2.9145138127 -0.467362827935
9.08 -2.92327272346 -0.437945538065
9.1 -2.93146561304 -0.40964447871
9.12 -2.93911340271 -0.382389483404
9.14 -2.94623565483 -0.35611260638
9.16 -2.95285061517 -0.330748017007
9.18 -2.95897525297 -0.30623188983
9.2 -2.9646252988 -0.282502291307
9.22 -2.96981528008 -0.259499064139
9.24 -2.97455855428 -0.237163709937
9.26 -2.97886733969 -0.21543927081
9.28 -2.9827527439 -0.194270210338
9.3 -2.98622478979 -0.173602294295
9.32 -2.98929243921 -0.153382471406
9.34 -2.9919636143 -0.133558754317
9.36 -2.99424521632 -0.114080100925
9.38 -2.99614314224 -0.0948962961436
9.4 -2.99766229892 -0.0759578341374
9.42 -2.99880661495 -0.0572158010256
9.44 -2.99957905011 -0.038621758019
9.46 -2.9999816026 -0.0201276249355
9.48 -3.00001531388 -0.00168556401641
9.5 -2.99968027116 0.0167521360455
9.52 -2.99897560764 0.0352331759642
9.54 -2.99789950041 0.0538053617099
9.56 -2.996449166 0.0725167204519
9.58 -2.99462085367 0.0914156166971
9.6 -2.99240983629 0.110550868713
9.62 -2.98981039899 0.129971865316
9.64 -2.98681582532 0.149728683087
9.66 -2.98341838124 0.16987220405
9.68 -2.97960929657 0.190454233817
9.7 -2.97537874416 0.211527620193
9.72 -2.97071581672 0.233146372136
9.74 -2.96560850114 0.255365778984
9.76 -2.96004365055 0.27824252974
9.78 -2.9540069539 0.301834832168
9.8 -2.94748290328 0.32620253135
9.82 -2.94045475873 0.351407227256
9.84 -2.93290451092 0.377512390771
9.86 -2.92481284137 0.404583477456
9.88 -2.9161590806 0.432688038192
9.9 -2.90692116409 0.461895825636
9.92 -2.89707558619 0.492278895229
9.94 -2.8865973522 0.523911699212
9.96 -2.87545992876 0.556871171841
9.98 -2.86363519269 0.591236803634
10.0 -2.85109337865 0.627090702106
