0.02 0.498747101259 -0.0626449370443
0.04 0.496244178178 -0.125146154072
0.06 0.492496978833 -0.18735996724
0.08 0.487514123399 -0.249142771706
0.1 0.481307101446 -0.310351097622
0.12 0.473890267735 -0.370841685571
0.14 0.465280835988 -0.430471587327
0.16 0.455498870042 -0.489098297327
0.18 0.44456727165 -0.546579919611
0.2 0.432511764165 -0.602775374236
0.22 0.419360871238 -0.657544646338
0.24 0.405145889638 -0.710749080024
0.26 0.389900855272 -0.762251718267
0.28 0.373662501496 -0.811917688817
0.3 0.356470208796 -0.859614634992
0.32 0.338365945017 -0.90521318895
0.34 0.31939419534 -0.948587483877
0.36 0.299601881335 -0.98961570023
0.38 0.279038268533 -1.0281806401
0.4 0.257754862081 -1.06417032261
0.42 0.235805290235 -1.09747859227
0.44 0.213245175604 -1.12800573159
0.46 0.190131994238 -1.15565906827
0.48 0.166524922894 -1.1803535672
0.5 0.142484674952 -1.20201239711
0.52 0.118073325715 -1.22056746182
0.54 0.0933541279882 -1.23595988637
0.56 0.0683913190115 -1.24814044883
0.58 0.0432499200192 -1.25706994961
0.6 0.0179955298031 -1.26271951081
0.62 -0.00730588619279 -1.26507079979
0.64 -0.0325882096426 -1.26411617249
0.66 -0.0577853843109 -1.25985873342
0.68 -0.0828316305364 -1.25231231128
0.7 -0.107661657548 -1.2415013506
0.72 -0.132210871981 -1.22746072163
0.74 -0.156415581028 -1.21023545235
0.76 -0.180213188786 -1.1898803879
0.78 -0.203542384471 -1.16645978423
0.8 -0.226343321348 -1.14004684387
0.82 -0.248557785399 -1.11072320257
0.84 -0.270129352927 -1.07857837639
0.86 -0.291003536511 -1.04370917919
0.88 -0.311127918923 -1.0062191206
0.9 -0.330452274815 -0.966217794567
0.92 -0.348928680175 -0.923820268029
0.94 -0.366511609756 -0.87914647904
0.96 -0.383158022808 -0.832320652588
0.98 -0.398827437641 -0.783470741676
1.0 -0.413481995643 -0.732727900085
1.02 -0.427086515486 -0.680225992152
1.04 -0.439608538359 -0.626101143662
1.06 -0.451018365094 -0.570491336765
1.08 -0.461289086106 -0.51353605057
1.1 -0.470396605064 -0.455375947893
1.12 -0.478319657213 -0.396152607461
1.14 -0.485039823209 -0.336008299805
1.16 -0.490541539291 -0.275085804088
1.18 -0.494812104534 -0.21352826218
1.2 -0.497841685845 -0.151479065548
1.22 -0.499623321241 -0.0890817698063
1.24 -0.500152921867 -0.0264800312554
1.26 -0.499429273052 0.0361824407273
1.28 -0.497454034615 0.0987619218636
1.3 -0.494231740448 0.161114708336
1.32 -0.489769797328 0.223097155996
1.34 -0.484078482728 0.284565730011
1.36 -0.477170941301 0.345377071344
1.38 -0.469063179579 0.405388086123
1.4 -0.459774058308 0.464456063515
1.42 -0.449325281765 0.522438827144
1.44 -0.437741383278 0.579194924388
1.46 -0.425049706136 0.634583857091
1.48 -0.41128037901 0.68846635631
1.5 -0.396466284956 0.740704702698
1.52 -0.380643023095 0.791163093048
1.54 -0.363848862048 0.839708052326
1.56 -0.346124684261 0.886208889372
1.58 -0.327513920398 0.930538193153
1.6 -0.308062473092 0.972572365286
1.62 -0.287818629426 1.01219218332
1.64 -0.266832961663 1.04928338814
1.66 -0.245158215903 1.08373728796
1.68 -0.2228491885 1.11545137018
1.7 -0.199962590258 1.14432991209
1.72 -0.176556898647 1.17028458053
1.74 -0.152692198438 1.19323501046
1.76 -0.12843001139 1.2131093524
1.78 -0.103833115815 1.22984477877
1.8 -0.0789653570198 1.24338793974
1.82 -0.0538914498219 1.25369535989
1.84 -0.0286767744635 1.26073376792
1.86 -0.00338716740556 1.2644803529
1.88 0.0219112914329 1.26492294192
1.9 0.047152493345 1.2620600956
1.92 0.0722705157316 1.25590111933
1.94 0.097199835537 1.24646599027
1.96 0.121875539565 1.2337852014
1.98 0.146233530082 1.21789952586
2.0 0.170210724208 1.1988597063
2.02 0.193745245718 1.17672607547
2.04 0.216776608025 1.15156811536
2.06 0.239245887295 1.12346396351
2.08 0.261095884807 1.09249987559
2.1 0.282271277891 1.0587696542
2.12 0.302718758968 1.02237405385
2.14 0.322387162413 0.983420172233
2.16 0.341227579168 0.942020837771
2.18 0.359193459221 0.89829400262
2.2 0.376240702222 0.852362150056
2.22 0.392327736702 0.804351724035
2.24 0.407415588459 0.75439258785
2.26 0.421467938813 0.702617517696
2.28 0.434451173529 0.649161735762
2.3 0.446334423254 0.594162486273
2.32 0.457089596387 0.537758656656
2.34 0.466691405283 0.480090444805
2.36 0.475117386728 0.421299072228
2.38 0.482347917563 0.361526541763
2.4 0.488366226313 0.300915437507
2.42 0.493158401586 0.239608763649
2.44 0.496713397948 0.177749818086
2.46 0.499023039867 0.115482095948
2.48 0.500082024218 0.05294921757
2.5 0.499887921717 -0.00970512504533
2.52 0.498441177525 -0.0723372095912
2.54 0.495745111142 -0.134803319195
2.56 0.491805915558 -0.196959779189
2.58 0.486632655527 -0.258663001554
2.6 0.480237264656 -0.319769543522
2.62 0.472634540925 -0.38013618656
2.64 0.463842140094 -0.43962004155
2.66 0.453880566385 -0.498078685459
2.68 0.442773159702 -0.555370334149
2.7 0.430546078598 -0.611354055213
2.72 0.41722827812 -0.66589002386
2.74 0.402851481643 -0.718839823884
2.76 0.387450145748 -0.770066794713
2.78 0.371061417261 -0.819436424375
2.8 0.35372508152 -0.866816787053
2.82 0.335483501067 -0.912079022657
2.84 0.316381543974 -0.95509785462
2.86 0.296466501156 -0.995752140928
2.88 0.275787992111 -1.03392545222
2.9 0.254397858717 -1.06950666973
2.92 0.232350046818 -1.10239059493
2.94 0.20970047558 -1.13247856193
2.96 0.186506894721 -1.15967904292
2.98 0.162828729982 -1.18390823698
3.0 0.138726917345 -1.20509063186
3.02 0.114263726767 -1.22315952887
3.04 0.0895025763435 -1.23805752119
3.06 0.0645078380127 -1.24973691654
3.08 0.0393446360922 -1.25816009603
3.1 0.0140786400484 -1.26329980219
3.12 -0.0112241469594 -1.26513935039
3.14 -0.0364976021457 -1.26367275931
3.16 -0.0616756981059 -1.25890479801
3.18 -0.0866927170736 -1.25085094839
3.2 -0.111483462754 -1.23953728401
3.22 -0.135983468106 -1.22500026763
3.24 -0.160129197538 -1.20728647159
3.26 -0.18385824207 -1.18645222658
3.28 -0.207109506186 -1.1625632058
3.3 -0.229823385236 -1.13569395249
3.32 -0.251941932432 -1.10592735982
3.34 -0.273409014687 -1.07335411276
3.36 -0.294170456724 -1.03807210186
3.38 -0.314174173107 -1.00018581912
3.4 -0.333370288025 -0.959805745917
3.42 -0.351711242877 -0.917047742607
3.44 -0.369151891853 -0.872032448809
3.46 -0.385649585907 -0.824884702698
3.48 -0.401164245639 -0.775732986589
3.5 -0.415658423742 -0.724708905122
3.52 -0.429097357765 -0.67194670116
3.54 -0.441449014032 -0.617582813346
3.56 -0.452684123592 -0.561755478013
3.58 -0.462776211131 -0.504604376927
3.6 -0.471701617753 -0.446270331143
3.62 -0.479439518556 -0.386895040122
3.64 -0.485971935839 -0.326620864167
3.66 -0.491283748785 -0.265590647277
3.68 -0.495362700317 -0.203947576621
3.7 -0.498199401798 -0.141835074054
3.72 -0.499787336088 -0.0793967144656
3.74 -0.500122859391 -0.0167761651762
3.76 -0.499205202196 0.0458828597785
3.78 -0.497036469456 0.108436636955
3.8 -0.493621640076 0.170741469024
3.82 -0.488968565573 0.232653725166
3.84 -0.483087967714 0.294029892915
3.86 -0.475993434758 0.354726647794
3.88 -0.467701415823 0.414600946746
3.9 -0.458231212806 0.473510150892
3.92 -0.447604969155 0.531312182545
3.94 -0.43584765474 0.587865720714
3.96 -0.422987045971 0.64303043849
3.98 -0.409053700275 0.696667284779
4.0 -0.394080924038 0.748638811831
4.02 -0.378104733061 0.798809548897
4.04 -0.361163804637 0.847046421186
4.06 -0.343299420395 0.893219212068
4.08 -0.32455539909 0.937201065263
4.1 -0.30497801864 0.978869022514
4.12 -0.284615926819 1.01810459106
4.14 -0.263520040135 1.05479433416
4.16 -0.241743430599 1.08883047683
4.18 -0.219341200235 1.12011151819
4.2 -0.196370343413 1.14854284108
4.22 -0.172889597231 1.17403730912
4.24 -0.148959280408 1.19651584114
4.26 -0.124641121351 1.21590795287
4.28 -0.09999807623 1.23215225605
4.3 -0.0750941381159 1.24519690571
4.32 -0.0499941383783 1.25499998688
4.34 -0.0247635417109 1.26152983337
4.36 0.000531763731461 1.26476527212
4.38 0.025825679498 1.26469578833
4.4 0.0510521116576 1.26132160798
4.42 0.0761451855786 1.25465369605
4.44 0.101039458989 1.2447136705
4.46 0.125670131663 1.2315336337
4.48 0.14997325016 1.21515592487
4.5 0.173885906126 1.1956327983
4.52 0.197346426804 1.17302603391
4.54 0.220294556557 1.14740648766
4.56 0.242671628366 1.11885359043
4.58 0.264420724461 1.08745480476
4.6 0.285486825446 1.05330504925
4.62 0.305816947461 1.01650610077
4.64 0.325360267153 0.977165984584
4.66 0.344068234394 0.935398362036
4.68 0.3618946729 0.89132192531
4.7 0.378795869054 0.845059807722
4.72 0.394730649402 0.796739017374
4.74 0.409660447419 0.746489900858
4.76 0.423549360272 0.694445642673
4.78 0.436364196368 0.640741804779
4.8 0.448074514558 0.58551590951
4.82 0.458652655915 0.528907067849
4.84 0.468073768992 0.471055653839
4.86 0.476315829487 0.412103024749
4.88 0.483359655197 0.352191285504
4.9 0.489188917095 0.291463094876
4.92 0.493790147295 0.230061509999
4.94 0.497152744593 0.168129864943
4.96 0.499268978162 0.105811678406
4.98 0.50013398986 0.0432505849431
5.0 0.499745795535 -0.0194097162617
5.02 0.498105285506 -0.0820255014559
5.04 0.49521622435 -0.14445305778
5.06 0.491085249935 -0.206548720795
5.08 0.485721871521 -0.268168920697
5.1 0.479138466647 -0.329170243681
5.12 0.471350276355 -0.389409514612
5.14 0.46237539822 -0.448743906747
5.16 0.452234776545 -0.507031083721
5.18 0.440952188979 -0.564129378315
5.2 0.428554228743 -0.619898011792
5.22 0.41507028161 -0.67419735665
5.24 0.400532496716 -0.726889244695
5.26 0.384975750292 -0.777837321235
5.28 0.36843760139 -0.826907445075
5.3 0.350958238735 -0.873968132776
5.32 0.332580417846 -0.918891044422
5.34 0.313349387708 -0.961551506925
5.36 0.293312806314 -1.00182906968
5.38 0.27252064459 -1.03960808621
5.4 0.251025078299 -1.07477831454
5.42 0.228880367743 -1.10723552779
5.44 0.20614272522 -1.13688212618
5.46 0.182870170409 -1.16362774057
5.48 0.159122374054 -1.18738981771
5.5 0.134960490515 -1.20809417698
5.52 0.110446979941 -1.22567552867
5.54 0.0856454210562 -1.24007794426
5.56 0.0606203156621 -1.2512552697
5.58 0.0354368861868 -1.25917147376
5.6 0.0101608676969 -1.26380092449
5.62 -0.0151417040703 -1.26512858836
5.64 -0.0404047070296 -1.26315014796
5.66 -0.0655621477491 -1.25787203597
5.68 -0.0905483754409 -1.24931138459
5.7 -0.115298293272 -1.23749589154
5.72 -0.13974756538 -1.22246360539
5.74 -0.163832818067 -1.20426263439
5.76 -0.187491833764 -1.18295078481
5.78 -0.210663736478 -1.15859513572
5.8 -0.23328916765 -1.13127155858
5.82 -0.255310451462 -1.1010641906
5.84 -0.276671748893 -1.06806487157
5.86 -0.297319199977 -1.03237255421
5.88 -0.317201053941 -0.994092698192
5.9 -0.336267787095 -0.953336657696
5.92 -0.354472208536 -0.910221072068
5.94 -0.371769553907 -0.864867268557
5.96 -0.388117567612 -0.817400685215
5.98 -0.403476574035 -0.767950321148
6.0 -0.417809538439 -0.716648220236
6.02 -0.431082118304 -0.66362899325
6.04 -0.443262705947 -0.609029382143
6.06 -0.454322463327 -0.55298786898
6.08 -0.464235349944 -0.495644330843
6.1 -0.472978144759 -0.437139740774
6.12 -0.480530463034 -0.377615913757
6.14 -0.486874768947 -0.317215295624
6.16 -0.491996384784 -0.256080791853
6.18 -0.49588349743 -0.194355632314
6.2 -0.498527162776 -0.132183267307
6.22 -0.499921308567 -0.0697072895532
6.24 -0.500062736094 -0.00707137631149
6.26 -0.498951121001 0.0555807546068
6.28 -0.496589013373 0.118105381432
6.3 -0.492981837087 0.180358814279
6.32 -0.488137888349 0.242197436888
6.34 -0.482068333133 0.303477760817
6.36 -0.474787203165 0.364056498381
6.38 -0.46631138996 0.423790660272
6.4 -0.456660636294 0.482537683321
6.42 -0.445857524429 0.540155593213
6.44 -0.433927460304 0.596503206277
6.46 -0.420898652832 0.651440373604
6.48 -0.406802087436 0.704828269804
6.5 -0.391671492882 0.756529727685
6.52 -0.375543300502 0.806409619014
6.54 -0.358456594895 0.854335280329
6.56 -0.340453055263 0.900176981583
6.58 -0.32157688658 0.943808434157
6.6 -0.301874739909 0.985107333542
6.62 -0.281395621292 1.02395593086
6.64 -0.260190788767 1.06024162625
6.66 -0.238313637242 1.09385757626
6.68 -0.215819571115 1.12470330637
6.7 -0.192765864728 1.15268531931
6.72 -0.169211510943 1.17771768928
6.74 -0.145217058303 1.19972263198
6.76 -0.120844437496 1.21863104034
6.78 -0.096156777973 1.23438297617
6.8 -0.0712182158002 1.24692810864
6.82 -0.0460936939822 1.2562260909
6.84 -0.0208487566274 1.26224686774
6.86 0.00445066153085 1.26497090792
6.88 0.0297384486654 1.26438935673
6.9 0.0549485307754 1.2605041055
6.92 0.0800150863097 1.25332777671
6.94 0.104872758811 1.24288362506
6.96 0.129456865939 1.22920535639
6.98 0.153703603304 1.21233686826
7.0 0.177550241648 1.19233191722
7.02 0.200935316041 1.16925371961
7.04 0.223798805906 1.14317449328
7.06 0.246082304895 1.11417494944
7.08 0.267729179767 1.08234374363
7.1 0.28868471769 1.04777689611
7.12 0.30889626152 1.0105771915
7.14 0.328313332877 0.970853567878
7.16 0.346887742977 0.92872050501
7.18 0.364573691396 0.884297420939
7.2 0.381327853105 0.83770808543
7.22 0.397109454262 0.789080057854
7.24 0.411880337384 0.738544156089
7.26 0.425605016621 0.686233961891
7.28 0.438250723961 0.632285366981
7.3 0.449787447219 0.576836162886
7.32 0.460187960746 0.520025676337
7.34 0.469427849762 0.46199445082
7.36 0.477485529236 0.402883973718
7.38 0.484342258184 0.342836447401
7.4 0.489982150216 0.281994601599
7.42 0.494392181086 0.220501543483
7.44 0.497562193908 0.158500641097
7.46 0.499484902609 0.0961354350679
7.48 0.500155894068 0.0335495729554
7.5 0.499573629272 -0.0291132398233
7.52 0.497739443694 -0.0917092789075
7.54 0.494657546967 -0.154094836338
7.56 0.490335021787 -0.216126258999
7.58 0.484781821852 -0.277659996764
7.6 0.478010768516 -0.338552666761
7.62 0.470037545719 -0.398661139874
7.64 0.460880692616 -0.457842655132
7.66 0.450561593274 -0.515954967117
7.68 0.439104462658 -0.572856530786
7.7 0.426536328111 -0.628406727368
7.72 0.41288700543 -0.682466134038
7.74 0.398189068648 -0.734896839108
7.76 0.382477812581 -0.785562803363
7.78 0.36579120724 -0.834330267047
7.8 0.348169843225 -0.881068200753
7.82 0.329656867279 -0.925648797302
7.84 0.31029790727 -0.967948000424
7.86 0.290140985973 -1.00784606488
7.88 0.269236423142 -1.04522814151
7.9 0.247636725547 -1.07998487977
7.92 0.225396464764 -1.11201303914
7.94 0.202572142755 -1.14121610044
7.96 0.17922204541 -1.16750486726
7.98 0.155406084462 -1.19079804738
8.0 0.131185628377 -1.21102280427
8.02 0.106623323007 -1.22811526849
8.04 0.0817829030124 -1.24202099975
8.06 0.0567289952003 -1.2526953906
8.08 0.0315269151181 -1.26010400411
8.1 0.00624245834562 -1.26422283862
8.12 -0.0190583119454 -1.26503851455
8.14 -0.0443092795295 -1.26254837921
8.16 -0.069444490083 -1.25676052768
8.18 -0.0943983648676 -1.24769373923
8.2 -0.11910591148 -1.23537733061
8.22 -0.143502930063 -1.21985092918
8.24 -0.167526213472 -1.20116417043
8.26 -0.191113739991 -1.17937632597
8.28 -0.214204857376 -1.15455586924
8.3 -0.236740457121 -1.12677998726
8.32 -0.258663138076 -1.09613404773
8.34 -0.279917358698 -1.0627110311
8.36 -0.300449577452 -1.02661093773
8.38 -0.320208381058 -0.987940180258
8.4 -0.339144600478 -0.946810971014
8.42 -0.357211414758 -0.903340714004
8.44 -0.374364442963 -0.857651410253
8.46 -0.390561824653 -0.809869084494
8.48 -0.405764289457 -0.760123240231
8.5 -0.41993521644 -0.708546349113
8.52 -0.433040684027 -0.65527337937
8.54 -0.445049511365 -0.600441366878
8.56 -0.455933291988 -0.544189031162
8.58 -0.465666420737 -0.486656437446
8.6 -0.47422611483 -0.427984704674
8.62 -0.481592429996 -0.368315758293
8.64 -0.487748272508 -0.307792125569
8.66 -0.492679407912 -0.246556770219
8.68 -0.496374467159 -0.184752962338
8.7 -0.498824950735 -0.122524178809
8.72 -0.500025231311 -0.060014028807
8.74 -0.499972555281 0.00263380151169
8.76 -0.498667043452 0.0652755914248
8.78 -0.496111691019 0.127767621684
8.8 -0.492312366802 0.189966210834
8.82 -0.487277811633 0.251727758465
8.84 -0.481019635595 0.312908801895
8.86 -0.473552313744 0.373366092561
8.88 -0.464893179784 0.432956697962
8.9 -0.455062417094 0.49153813453
8.92 -0.444083046371 0.548968536156
8.94 -0.431980909124 0.60510686234
8.96 -0.418784646142 0.659813149095
8.98 -0.404525670047 0.712948804761
9.0 -0.38923813101 0.764376951841
9.02 -0.372958874713 0.81396281483
9.04 -0.355727391656 0.861574152842
9.06 -0.337585756964 0.907081734611
9.08 -0.31857855992 0.9503598522
9.1 -0.298752822549 0.991286868569
9.12 -0.27815790669 1.02974579296
9.14 -0.256845409149 1.06562487701
9.16 -0.23486904468 1.09881822348
9.18 -0.212284516703 1.12922639882
9.2 -0.189149375905 1.15675703992
9.22 -0.165522867 1.18132544527
9.24 -0.141465764194 1.20285514028
9.26 -0.117040196056 1.2212784069
9.28 -0.0923094607047 1.23653676756
9.3 -0.0673378324129 1.24858141459
9.32 -0.0421903608795 1.25737357667
9.34 -0.016932664577 1.26288481513
9.36 0.0083692803078 1.26509724424
9.38 0.0336493537287 1.26400367104
9.4 0.0588415067658 1.25960765185
9.42 0.0838799760515 1.25192346428
9.44 0.10869949596 1.24097599542
9.46 0.133235506926 1.22680054833
9.48 0.157424358345 1.20944257092
9.5 0.181203504594 1.18895731245
9.52 0.204511692886 1.16540941461
9.54 0.227289141786 1.13887244499
9.56 0.249477709424 1.1094283819
9.58 0.271021050624 1.07716705999
9.6 0.291864762359 1.04218558676
9.62 0.311956517157 1.00458773989
9.64 0.331246184269 0.964483355604
9.66 0.349685938621 0.921987717581
9.68 0.367230357734 0.877220955653
9.7 0.383836506984 0.830307462535
9.72 0.399464013707 0.781375336122
9.74 0.414075130781 0.730555853705
9.76 0.427634790449 0.677982983406
9.78 0.440110649186 0.623792936866
9.8 0.451473124507 0.56812376606
9.82 0.461695424624 0.511115005831
9.84 0.470753571875 0.452907362565
9.86 0.478626420841 0.393642448276
9.88 0.485295672007 0.333462558288
9.9 0.490745881801 0.272510489698
9.92 0.494964469739 0.210929396931
9.94 0.497941723337 0.148862679898
9.96 0.499670801329 0.0864538995918
9.98 0.500147735637 0.0238467154123
10.0 0.499371432399 -0.0388151619102
