0.02 0.0998043265034 -0.00978367483139
0.04 0.0994133611179 -0.0195482692731
0.06 0.0988278663374 -0.0292747390274
0.08 0.0980489840987 -0.0389441119322
0.1 0.0970782336206 -0.0485375239067
0.12 0.0959175085256 -0.0580362547509
0.14 0.0945690732506 -0.0674217637471
0.16 0.0930355587504 -0.0766757250134
0.18 0.0913199574992 -0.0857800625555
0.2 0.0894256178 -0.0947169849637
0.22 0.087356237406 -0.103469019698
0.24 0.0851158564679 -0.112019046905
0.26 0.0827088498138 -0.120350332706
0.28 0.0801399185758 -0.128446561897
0.3 0.0774140811759 -0.136291869995
0.32 0.0745366636846 -0.143870874568
0.34 0.0715132895689 -0.151168705782
0.36 0.0683498688469 -0.158171036101
0.38 0.0650525866657 -0.164864109063
0.4 0.0616278913242 -0.171234767071
0.42 0.0580824817617 -0.177270478125
0.44 0.0544232945331 -0.182959361433
0.46 0.0506574902967 -0.188290211817
0.48 0.0467924398394 -0.193252522866
0.5 0.0428357096645 -0.197836508745
0.52 0.038795047172 -0.202033124624
0.54 0.0346783654593 -0.205834085636
0.56 0.0304937277727 -0.20923188433
0.58 0.0262493316419 -0.212219806539
0.6 0.0219534927292 -0.214791945637
0.62 0.0176146284269 -0.216943215112
0.64 0.0132412412383 -0.218669359432
0.66 0.00884190197523 -0.219966963154
0.68 0.00442523281009 -0.220833458257
0.7 -1.09783054976e-07 -0.221267129657
0.72 -0.00442545216102 -0.221267118898
0.74 -0.00884212068107 -0.220833426002
0.76 -0.0132414588704 -0.219966909467
0.78 -0.0176148445588 -0.218669284418
0.8 -0.0219537069372 -0.216943118921
0.82 -0.0262495435064 -0.214791828459
0.84 -0.0304939368785 -0.212219668605
0.86 -0.0346785713968 -0.209231725913
0.88 -0.0387952495377 -0.20583390705
0.9 -0.0428359080622 -0.20203292622
0.92 -0.0467926338805 -0.197836290917
0.94 -0.0506576796013 -0.193252286042
0.96 -0.0544234787306 -0.188289956466
0.98 -0.0580826604918 -0.182959088056
1.0 -0.061628064237 -0.177270187262
1.02 -0.0650527534229 -0.171234459295
1.04 -0.0683500291225 -0.16486378498
1.06 -0.0715134430495 -0.158170696348
1.08 -0.07453681007 -0.151168351026
1.1 -0.0774142201801 -0.143870505505
1.12 -0.0801400499271 -0.136291487351
1.14 -0.0827089732556 -0.128446166422
1.16 -0.0851159717591 -0.120349925175
1.18 -0.0873563443214 -0.112018628117
1.2 -0.0894257161308 -0.103468590472
1.22 -0.0913200470536 -0.0947165461395
1.24 -0.0930356393535 -0.0857796149915
1.26 -0.0945691447452 -0.0766752695845
1.28 -0.095917570772 -0.0674213013431
1.3 -0.0970782864975 -0.0580357862748
1.32 -0.098049027503 -0.048537050273
1.34 -0.0988279001843 -0.0389436340653
1.36 -0.0994133853415 -0.0292742578597
1.38 -0.0998043410563 -0.0195477857432
1.4 -0.100000004854 -0.00978318988241
1.42 -0.0999999951455 4.85422297055e-07
1.44 -0.0998043119499 0.00978415978033
1.46 -0.0994133368939 0.0195487528029
1.48 -0.09882783249 0.0292752201949
1.5 -0.098048940694 0.0389445897989
1.52 -0.0970781807432 0.0485379975402
1.54 -0.0959174462787 0.0580367232268
1.56 -0.0945690017556 0.0674222261509
1.58 -0.0930354781468 0.0766761804419
1.6 -0.0913198679444 0.085780510119
1.62 -0.0894255194687 0.0947174237874
1.64 -0.0873561304902 0.103469448924
1.66 -0.0851157411763 0.112019465693
1.68 -0.0827087263716 0.120350740237
1.7 -0.0801397872242 0.128446957372
1.72 -0.0774139421714 0.136292252638
1.74 -0.0745365172988 0.143871243629
1.76 -0.0715131360881 0.151169060538
1.78 -0.068349708571 0.158171375854
1.8 -0.0650524199081 0.164864433146
1.82 -0.0616277184112 0.171235074846
1.84 -0.0580823030314 0.177270768986
1.86 -0.0544231103353 0.182959634808
1.88 -0.0506573009919 0.188290467168
1.9 -0.0467922457981 0.193252759689
1.92 -0.0428355112667 0.197836726573
1.94 -0.0387948448062 0.202033323026
1.96 -0.0346781595217 0.205834264222
1.98 -0.0304935186668 0.209232042745
2.0 -0.0262491197774 0.212219944472
2.02 -0.0219532785211 0.214792062815
2.04 -0.017614412295 0.216943311302
2.06 -0.0132410236062 0.218669434444
2.08 -0.00884168326935 0.21996701684
2.1 -0.00442501345913 0.220833490511
2.12 3.29349164946e-07 0.221267140415
2.14 0.00442567151194 0.221267108139
2.16 0.00884233938686 0.220833393746
2.18 0.0132416765024 0.219966855778
2.2 0.0176150606905 0.218669209404
2.22 0.0219539211451 0.216943022729
2.24 0.0262497553707 0.21479171128
2.26 0.0304941459841 0.212219530671
2.28 0.034678777334 0.209231567495
2.3 0.0387954519033 0.205833728462
2.32 0.0428361064596 0.202032727816
2.34 0.0467928279213 0.197836073087
2.36 0.0506578689057 0.193252049218
2.38 0.0544236629279 0.188289701113
2.4 0.0580828392215 0.182958814679
2.42 0.0616282371495 0.177269896399
2.44 0.0650529201799 0.171234151519
2.46 0.0683501893978 0.164863460896
2.48 0.0715135965297 0.158170356593
2.5 0.074536956455 0.151167996269
2.52 0.0774143591839 0.143870136442
2.54 0.080140181278 0.136291104707
2.56 0.082709096697 0.128445770947
2.58 0.0851160870498 0.120349517644
2.6 0.0873564512364 0.112018209328
2.62 0.0894258144613 0.103468161245
2.64 0.0913201366076 0.0947161073148
2.66 0.0930357199561 0.0857791674271
2.68 0.0945692162392 0.0766748141552
2.7 0.095917633018 0.0674208389387
2.72 0.097078339374 0.0580353177983
2.74 0.0980490709068 0.0485365766391
2.76 0.0988279340307 0.0389431561982
2.78 0.0994134095646 0.0292737766918
2.8 0.0998043556088 0.0195473022132
2.82 0.100000009707 0.00978270493338
2.84 0.0999999902906 -9.70844594141e-07
2.86 0.099804297396 -0.00978464472921
2.88 0.0994133126694 -0.0195492363326
2.9 0.0988277986421 -0.0292757013624
2.92 0.0980488972888 -0.0389450676654
2.94 0.0970781278653 -0.0485384711734
2.96 0.0959173840313 -0.0580371917024
2.98 0.0945689302602 -0.0674226885543
3.0 0.0930353975428 -0.07667663587
3.02 0.0913197783892 -0.0857809576821
3.04 0.0894254211369 -0.0947178626107
3.06 0.087356023574 -0.103469878149
3.08 0.0851156258844 -0.112019884481
3.1 0.082708602929 -0.120351147766
3.12 0.0801396558721 -0.128447352845
3.14 0.0774138031665 -0.136292635281
3.16 0.0745363709127 -0.14387161269
3.18 0.0715129826069 -0.151169415292
3.2 0.0683495482947 -0.158171715606
3.22 0.0650522531502 -0.164864757228
3.24 0.0616275454978 -0.17123538262
3.26 0.0580821243008 -0.177271059847
3.28 0.0544229261372 -0.182959908183
3.3 0.0506571116868 -0.188290722518
3.32 0.0467920517566 -0.19325299651
3.34 0.0428353128686 -0.197836944399
3.36 0.0387946424401 -0.202033521428
3.38 0.034677953584 -0.205834442806
3.4 0.0304933095608 -0.20923220116
3.42 0.0262489079127 -0.212220082404
3.44 0.0219530643129 -0.214792179991
3.46 0.017614196163 -0.216943407491
3.48 0.0132408059739 -0.218669509455
3.5 0.00884146456343 -0.219967070525
3.52 0.00442479410815 -0.220833522764
3.54 -5.48915274891e-07 -0.221267151171
3.56 -0.00442589086283 -0.221267097378
3.58 -0.00884255809261 -0.220833361489
3.6 -0.0132418941344 -0.219966802089
3.62 -0.0176152768222 -0.218669134389
3.64 -0.0219541353529 -0.216942926536
3.66 -0.0262499672349 -0.214791594099
3.68 -0.0304943550896 -0.212219392735
3.7 -0.0346789832711 -0.209231409077
3.72 -0.0387956542686 -0.205833549874
3.74 -0.0428363048568 -0.202032529411
3.76 -0.0467930219619 -0.197835855257
3.78 -0.0506580582098 -0.193251812392
3.8 -0.054423847125 -0.188289445759
3.82 -0.058083017951 -0.182958541301
3.84 -0.0616284100617 -0.177269605535
3.86 -0.0650530869365 -0.171233843741
3.88 -0.0683503496727 -0.164863136811
3.9 -0.0715137500095 -0.158170016838
3.92 -0.0745371028397 -0.151167641511
3.94 -0.0774144981873 -0.143869767379
3.96 -0.0801403126285 -0.136290722062
3.98 -0.0827092201379 -0.128445375471
4.0 -0.0851162023402 -0.120349110112
4.02 -0.0873565581509 -0.112017790538
4.04 -0.0894259127913 -0.103467732018
4.06 -0.0913202261611 -0.0947156684897
4.08 -0.0930358005583 -0.0857787198624
4.1 -0.0945692877328 -0.0766743587256
4.12 -0.0959176952635 -0.067420376534
4.14 -0.09707839225 -0.0580348493216
4.16 -0.0980491143101 -0.0485361030049
4.18 -0.0988279678767 -0.0389426783309
4.2 -0.0994134337872 -0.0292732955239
4.22 -0.0998043701608 -0.0195468186831
4.24 -0.100000014561 -0.0097822199843
4.26 -0.0999999854352 1.4562668911e-06
4.28 -0.0998042828416 0.00978512967806
4.3 -0.0994132884444 0.0195497198622
4.32 -0.0988277647938 0.0292761825296
4.34 -0.0980488538831 0.0389455455317
4.36 -0.097078074987 0.0485389448064
4.38 -0.0959173217834 0.0580376601778
4.4 -0.0945688587643 0.0674231509573
4.42 -0.0930353169383 0.0766770912978
4.44 -0.0913196888334 0.0857814052448
4.46 -0.0894253228048 0.0947183014335
4.48 -0.0873559166573 0.103470307374
4.5 -0.085115510592 0.112020303267
4.52 -0.082708479486 0.120351555296
4.54 -0.0801395245197 0.128447748318
4.56 -0.0774136641612 0.136293017923
4.58 -0.0745362245262 0.14387198175
4.6 -0.0715128291253 0.151169770046
4.62 -0.0683493880181 0.158172055358
4.64 -0.065052086392 0.164865081309
4.66 -0.0616273725841 0.171235690393
4.68 -0.05808194557 0.177271350707
4.7 -0.0544227419388 0.182960181556
4.72 -0.0506569223815 0.188290977867
4.74 -0.0467918577149 0.193253233331
4.76 -0.0428351144704 0.197837162225
4.78 -0.0387944400738 0.202033719828
4.8 -0.034677747646 0.20583462139
4.82 -0.0304931004546 0.209232359574
4.84 -0.0262486960479 0.212220220335
4.86 -0.0219528501045 0.214792297166
4.88 -0.017613980031 0.216943503679
4.9 -0.0132405883417 0.218669584465
4.92 -0.00884124585747 0.219967124209
4.94 -0.00442457475715 0.220833555016
4.96 7.68481384788e-07 0.221267161927
4.98 0.0044261102137 0.221267086616
5.0 0.00884277679832 0.220833329231
5.02 0.0132421117663 0.219966748399
5.04 0.0176154929537 0.218669059372
5.06 0.0219543495606 0.216942830342
5.08 0.0262501790989 0.214791476918
5.1 0.0304945641949 0.212219254798
5.12 0.034679189208 0.209231250657
5.14 0.0387958566337 0.205833371285
5.16 0.0428365032538 0.202032331005
5.18 0.0467932160023 0.197835637426
5.2 0.0506582475136 0.193251575566
5.22 0.0544240313217 0.188289190405
5.24 0.0580831966802 0.182958267922
5.26 0.0616285829736 0.17726931467
5.28 0.0650532536928 0.171233535963
5.3 0.0683505099474 0.164862812725
5.32 0.071513903489 0.158169677082
5.34 0.074537249224 0.151167286752
5.36 0.0774146371903 0.143869398314
5.38 0.0801404439787 0.136290339416
5.4 0.0827093435785 0.128444979994
5.42 0.0851163176301 0.120348702579
5.44 0.0873566650651 0.112017371748
5.46 0.0894260111209 0.10346730279
5.48 0.0913203157142 0.0947152296642
5.5 0.0930358811601 0.0857782722972
5.52 0.094569359226 0.0766739032956
5.54 0.0959177575086 0.067419914129
5.56 0.0970784451255 0.0580343808446
5.58 0.0980491577129 0.0485356293705
5.6 0.0988280017222 0.0389422004635
5.62 0.0994134580093 0.0292728143557
5.64 0.0998043847123 0.0195463351529
5.66 0.100000019413 0.00978173503517
5.68 0.0999999805793 -1.94168918809e-06
5.7 0.0998042682867 -0.00978561462685
5.72 0.0994132642189 -0.0195502033917
5.74 0.0988277309449 -0.0292766636968
5.76 0.098048810477 -0.0389460233978
5.78 0.0970780221082 -0.0485394184392
5.8 0.0959172595352 -0.0580381286528
5.82 0.094568787268 -0.0674236133601
5.84 0.0930352363334 -0.0766775467253
5.86 0.0913195992773 -0.0857818528071
5.88 0.0894252244722 -0.0947187402559
5.9 0.0873558097402 -0.103470736598
5.92 0.0851153952991 -0.112020722054
5.94 0.0827083560427 -0.120351962824
5.96 0.0801393931668 -0.128448143791
5.98 0.0774135251556 -0.136293400564
6.0 0.0745360781394 -0.143872350809
6.02 0.0715126756434 -0.1511701248
6.04 0.0683492277412 -0.158172395108
6.06 0.0650519196334 -0.164865405389
6.08 0.0616271996701 -0.171235998165
6.1 0.0580817668388 -0.177271641566
6.12 0.0544225577402 -0.182960454929
6.14 0.0506567330759 -0.188291233215
6.16 0.0467916636729 -0.193253470151
6.18 0.0428349160719 -0.19783738005
6.2 0.0387942377074 -0.202033918227
6.22 0.0346775417079 -0.205834799972
6.24 0.0304928913482 -0.209232517986
6.26 0.0262484841829 -0.212220358264
6.28 0.0219526358961 -0.21479241434
6.3 0.0176137638988 -0.216943599866
6.32 0.0132403707093 -0.218669659474
6.34 0.00884102715146 -0.219967177892
6.36 0.00442435540613 -0.220833587266
6.38 -9.88047494721e-07 -0.221267172681
6.4 -0.00442632956455 -0.221267075853
6.42 -0.00884299550399 -0.220833296972
6.44 -0.0132423293981 -0.219966694707
6.46 -0.0176157090852 -0.218668984354
6.48 -0.0219545637682 -0.216942734147
6.5 -0.0262503909629 -0.214791359736
6.52 -0.0304947733001 -0.21221911686
6.54 -0.0346793951448 -0.209231092236
6.56 -0.0387960589987 -0.205833192694
6.58 -0.0428367016506 -0.202032132597
6.6 -0.0467934100425 -0.197835419593
6.62 -0.0506584368173 -0.193251338738
6.64 -0.0544242155182 -0.18828893505
6.66 -0.0580833754091 -0.182957994542
6.68 -0.0616287558852 -0.177269023804
6.7 -0.0650534204489 -0.171233228184
6.72 -0.0683506702216 -0.164862488639
6.74 -0.0715140569682 -0.158169337326
6.76 -0.074537395608 -0.151166931993
6.78 -0.077414776193 -0.143869029249
6.8 -0.0801405753284 -0.136289956769
6.82 -0.0827094670187 -0.128444584516
6.84 -0.0851164329196 -0.120348295046
6.86 -0.0873567719788 -0.112016952957
6.88 -0.08942610945 -0.103466873562
6.9 -0.0913204052668 -0.0947147908382
6.92 -0.0930359617614 -0.0857778247316
6.94 -0.0945694307187 -0.0766734478652
6.96 -0.0959178197532 -0.0674194517236
6.98 -0.0970784980005 -0.0580339123673
7.0 -0.0980492011153 -0.0485351557359
7.02 -0.0988280355672 -0.0389417225958
7.04 -0.0994134822309 -0.0292723331875
7.06 -0.0998043992634 -0.0195458516227
7.08 -0.100000024265 -0.009781250086
7.1 -0.0999999757229 2.42711148518e-06
7.12 -0.0998042537314 0.0097860995756
7.14 -0.0994132399929 0.0195506869211
7.16 -0.0988276970957 0.0292771448638
7.18 -0.0980487670704 0.0389465012638
7.2 -0.0970779692289 0.0485398920717
7.22 -0.0959171972864 0.0580385971276
7.24 -0.0945687157711 0.0674240757625
7.26 -0.0930351557281 0.0766780021523
7.28 -0.0913195097207 0.085782300369
7.3 -0.0894251261392 0.0947191790778
7.32 -0.0873557028227 0.103471165822
7.34 -0.0851152800059 0.11202114084
7.36 -0.0827082325989 0.120352370352
7.38 -0.0801392618136 0.128448539263
7.4 -0.0774133861495 0.136293783204
7.42 -0.0745359317522 0.143872719868
7.44 -0.0715125221611 0.151170479552
7.46 -0.068349067464 0.158172734858
7.48 -0.0650517528746 0.164865729468
7.5 -0.0616270267559 0.171236305937
7.52 -0.0580815881074 0.177271932424
7.54 -0.0544223735414 0.182960728301
7.56 -0.0506565437701 0.188291488562
7.58 -0.0467914696307 0.19325370697
7.6 -0.0428347176733 0.197837597873
7.62 -0.0387940353407 0.202034116626
7.64 -0.0346773357697 0.205834978553
7.66 -0.0304926822417 0.209232676398
7.68 -0.0262482723178 0.212220496193
7.7 -0.0219524216876 0.214792531513
7.72 -0.0176135477665 0.216943696051
7.74 -0.0132401530769 0.218669734483
7.76 -0.00884080844541 0.219967231574
7.78 -0.00442413605509 0.220833619516
7.8 1.2076136047e-06 0.221267183435
7.82 0.00442654891538 0.221267065089
7.84 0.00884321420961 0.220833264712
7.86 0.0132425470299 0.219966641015
7.88 0.0176159252166 0.218668909336
7.9 0.0219547779756 0.216942637951
7.92 0.0262506028267 0.214791242552
7.94 0.0304949824051 0.212218978921
7.96 0.0346796010814 0.209230933814
7.98 0.0387962613634 0.205833014103
8.0 0.0428369000472 0.202031934189
8.02 0.0467936040824 0.19783520176
8.04 0.0506586261206 0.19325110191
8.06 0.0544243997145 0.188288679693
8.08 0.0580835541377 0.182957721161
8.1 0.0616289287965 0.177268732938
8.12 0.0650535872046 0.171232920404
8.14 0.0683508304956 0.164862164552
8.16 0.071514210447 0.158168997568
8.18 0.0745375419916 0.151166577233
8.2 0.0774149151953 0.143868660184
8.22 0.0801407066777 0.136289574122
8.24 0.0827095904585 0.128444189038
8.26 0.0851165482088 0.120347887512
8.28 0.0873568788921 0.112016534166
8.3 0.0894262077787 0.103466444333
8.32 0.091320494819 0.0947143520117
8.34 0.0930360423623 0.0857773771656
8.36 0.094569502211 0.0766729924345
8.38 0.0959178819973 0.067418989318
8.4 0.0970785508751 0.0580334438898
8.42 0.0980492445171 0.048534682101
8.44 0.0988280694117 0.038941244728
8.46 0.0994135064521 0.0292718520191
8.48 0.0998044138139 0.0195453680923
8.5 0.100000029117 0.00978076513679
8.52 0.099999970866 -2.91253378225e-06
8.54 0.0998042391755 -0.0097865845243
8.56 0.0994132157665 -0.0195511704504
8.58 0.0988276632459 -0.0292776260306
8.6 0.0980487236633 -0.0389469791296
8.62 0.0970779163492 -0.048540365704
8.64 0.0959171350372 -0.0580390656021
8.66 0.0945686442739 -0.0674245381646
8.68 0.0930350751223 -0.076678457579
8.7 0.0913194201637 -0.0857827479305
8.72 0.0894250278057 -0.0947196178992
8.74 0.0873555959048 -0.103471595045
8.76 0.0851151647123 -0.112021559625
8.78 0.0827081091547 -0.120352777879
8.8 0.08013913046 -0.128448934734
8.82 0.0774132471432 -0.136294165844
8.84 0.0745357853646 -0.143873088926
8.86 0.0715123686785 -0.151170834304
8.88 0.0683489071864 -0.158173074607
8.9 0.0650515861155 -0.164866053547
8.92 0.0616268538413 -0.171236613707
8.94 0.0580814093757 -0.177272223281
8.96 0.0544221893422 -0.182961001672
8.98 0.0506563544641 -0.188291743909
9.0 0.0467912755883 -0.193253943788
9.02 0.0428345192744 -0.197837815696
9.04 0.0387938329739 -0.202034315023
9.06 0.0346771298312 -0.205835157134
9.08 0.0304924731351 -0.209232834809
9.1 0.0262480604526 -0.212220634121
9.12 0.0219522074789 -0.214792648685
9.14 0.0176133316342 -0.216943792236
9.16 0.0132399354444 -0.21866980949
9.18 0.00884058973932 -0.219967285255
9.2 0.00442391670403 -0.220833651764
9.22 -1.42717971464e-06 -0.221267194187
9.24 -0.00442676826619 -0.221267054324
9.26 -0.00884343291519 -0.22083323245
9.28 -0.0132427646616 -0.219966587321
9.3 -0.0176161413479 -0.218668834316
9.32 -0.021954992183 -0.216942541754
9.34 -0.0262508146904 -0.214791125368
9.36 -0.03049519151 -0.212218840981
9.38 -0.0346798070178 -0.209230775392
9.4 -0.038796463728 -0.20583283551
9.42 -0.0428370984436 -0.20203173578
9.44 -0.0467937981221 -0.197834983926
9.46 -0.0506588154238 -0.193250865081
9.48 -0.0544245839105 -0.188288424336
9.5 -0.0580837328661 -0.18295744778
9.52 -0.0616291017075 -0.17726844207
9.54 -0.0650537539599 -0.171232612624
9.56 -0.0683509907692 -0.164861840464
9.58 -0.0715143639254 -0.15816865781
9.6 -0.0745376883749 -0.151166222473
9.62 -0.0774150541972 -0.143868291117
9.64 -0.0801408380267 -0.136289191474
9.66 -0.0827097138979 -0.12844379356
9.68 -0.0851166634975 -0.120347479978
9.7 -0.087356985805 -0.112016115374
9.72 -0.089426306107 -0.103466015104
9.74 -0.0913205843707 -0.0947139131848
9.76 -0.0930361229627 -0.0857769295991
9.78 -0.0945695737028 -0.0766725370034
9.8 -0.095917944241 -0.067418526912
9.82 -0.0970786037492 -0.0580329754119
9.84 -0.0980492879186 -0.0485342084659
9.86 -0.0988281032558 -0.03894076686
9.88 -0.0994135306728 -0.0292713708505
9.9 -0.099804428364 -0.0195448845619
9.92 -0.100000033968 -0.00978028018752
9.94 -0.0999999660086 3.39795607923e-06
9.96 -0.0998042246192 0.00978706947296
9.98 -0.0994131915396 0.0195516539797
10.0 -0.0988276293956 0.0292781071974
