0.02 0.997800955826 -0.109952208682
0.04 0.993405977822 -0.219748900213
0.06 0.986821314079 -0.329233187177
0.08 0.978056404756 -0.438245466147
0.1 0.967123962332 -0.546622121167
0.12 0.954040076305 -0.654194301388
0.14 0.938824340341 -0.76078679819
0.16 0.921499999392 -0.866217047448
0.18 0.902094113735 -0.970294282837
0.2 0.880637736412 -1.07281886615
0.22 0.857166100008 -1.17358182021
0.24 0.831718808222 -1.2723645893
0.26 0.804340027217 -1.36893905026
0.28 0.775078671303 -1.46306779566
0.3 0.743988577171 -1.5545047066
0.32 0.711128660587 -1.64299582921
0.34 0.676563049328 -1.72828056295
0.36 0.64036118607 -1.8100931629
0.38 0.602597895063 -1.88816455037
0.4 0.563353406704 -1.96222441795
0.42 0.522713334588 -2.03200360581
0.44 0.480768600258 -2.09723671647
0.46 0.437615301748 -2.15766492552
0.48 0.393354523018 -2.21303893651
0.5 0.348092082632 -2.2631220193
0.52 0.301938221339 -2.30769306465
0.54 0.255007229704 -2.34654958171
0.56 0.207417018453 -2.37951056257
0.58 0.159288635703 -2.4064191375
0.6 0.110745736765 -2.42714494689
0.62 0.0619140135346 -2.44158616153
0.64 0.0129205917025 -2.4496710916
0.66 -0.036106595003 -2.45135933528
0.68 -0.0850394436413 -2.44664243191
0.7 -0.133750323628 -2.43554399934
0.72 -0.182112710649 -2.41811935104
0.74 -0.230001802751 -2.39445460512
0.76 -0.277295109005 -2.36466531269
0.78 -0.323873001956 -2.32889464752
0.8 -0.369619226183 -2.28731121137
0.82 -0.414421356566 -2.24010651912
0.84 -0.458171201268 -2.1874922351
0.86 -0.50076514599 -2.1296972361
0.88 -0.54210443754 -2.06696457751
0.9 -0.582095406292 -1.99954843761
0.92 -0.620649628505 -1.92771111064
0.94 -0.657684030767 -1.85172011312
0.96 -0.693120939964 -1.77184545986
0.98 -0.726888083111 -1.68835715733
1.0 -0.758918542153 -1.60152295211
1.02 -0.78915066941 -1.51160636284
1.04 -0.817527969694 -1.41886501423
1.06 -0.843998955356 -1.32354928311
1.08 -0.868516980521 -1.22590125822
1.1 -0.891040060698 -1.12615400884
1.12 -0.911530683715 -1.02453115087
1.14 -0.929955617613 -0.921246694903
1.16 -0.946285720741 -0.816505156415
1.18 -0.960495758861 -0.710501905997
1.2 -0.97256423357 -0.60342373542
1.22 -0.982473225855 -0.495449614266
1.24 -0.990208258081 -0.386751611305
1.26 -0.995758177174 -0.277495954641
1.28 -0.99911506127 -0.167844204824
1.3 -1.00027415158 -0.0579545154204
1.32 -0.999233810697 0.0520170440937
1.34 -0.995995508138 0.161915127924
1.36 -0.990563833326 0.27158374064
1.38 -0.982946535817 0.380864875442
1.4 -0.973154592045 0.489597188614
1.42 -0.961202297346 0.597614734944
1.44 -0.947107381561 0.704745789246
1.46 -0.930891145972 0.810811779452
1.48 -0.91257861883 0.915626357087
1.5 -0.892198726209 1.01899463107
1.52 -0.869784474394 1.12071259072
1.54 -0.84537313953 1.22056674322
1.56 -0.819006459732 1.31833398989
1.58 -0.790730824463 1.41378176344
1.6 -0.760597455539 1.50666844619
1.62 -0.728662573837 1.5967440851
1.64 -0.694987545536 1.68375141506
1.66 -0.659639001618 1.7674271959
1.68 -0.622688924384 1.84750386171
1.7 -0.584214694924 1.923711473
1.72 -0.544299095853 1.99577995353
1.74 -0.503030264172 2.06344158405
1.76 -0.460501589858 2.12643371573
1.78 -0.416811556738 2.18450165598
1.8 -0.37206352332 2.23740167091
1.82 -0.326365442518 2.28490404013
1.84 -0.279829520645 2.32679609364
1.86 -0.232571817523 2.36288515609
1.88 -0.184711791089 2.39300132168
1.9 -0.136371791402 2.41699998437
1.92 -0.0876765103704 2.43476405157
1.94 -0.0387523948366 2.44620577669
1.96 0.0102729682765 2.45126815566
1.98 0.0592714851714 2.44992584475
2.0 0.108115196597 2.44218557128
2.02 0.156676917086 2.42808602445
2.04 0.204830861679 2.40769722965
2.06 0.252453250195 2.38111942578
2.08 0.299422879795 2.34848148004
2.1 0.345621657564 2.30993888841
2.12 0.390935085983 2.26567142098
2.14 0.435252695587 2.21588048019
2.16 0.4784684205 2.16078624566
2.18 0.520480914137 2.10062468185
2.2 0.561193803832 2.03564448473
2.22 0.600515884647 1.96610404073
2.24 0.638361253961 1.8922684657
2.26 0.674649389662 1.81440678508
2.28 0.709305175808 1.73278930731
2.3 0.742258880483 1.64768523373
2.32 0.773446091248 1.55936053825
2.34 0.802807614055 1.46807614036
2.36 0.830289341775 1.37408638601
2.38 0.855842098621 1.2776378423
2.4 0.87942146671 1.17896840441
2.42 0.90098760084 1.07830670653
2.44 0.920505037314 0.975871823673
2.46 0.937942502238 0.871873246241
2.48 0.953272724373 0.766511106732
2.5 0.966472257076 0.659976635131
2.52 0.977521313442 0.55245281831
2.54 0.986403618198 0.444115237825
2.56 0.993106279402 0.335133060158
2.58 0.997619682472 0.225670153498
2.6 0.999937408579 0.115886305377
2.62 1.0000561789 0.00593851583434
2.64 0.997975825718 -0.104017658876
2.66 0.993699290984 -0.213826736708
2.68 0.987232652205 -0.323331938932
2.7 0.978585175357 -0.432373842447
2.72 0.967769393757 -0.540789079955
2.74 0.954801211498 -0.64840911296
2.76 0.939700029441 -0.755059102865
2.78 0.922488891325 -0.860556905816
2.8 0.903194646981 -0.96471221719
2.82 0.881848129147 -1.06732589169
2.84 0.858484339853 -1.1681894647
2.86 0.833142641858 -1.26708489976
2.88 0.805866950145 -1.36378458565
2.9 0.776705918059 -1.45805160426
2.92 0.745713112309 -1.54964028751
2.94 0.712947170768 -1.63829707704
2.96 0.678471936855 -1.72376169567
2.98 0.6423565642 -1.80576863273
3.0 0.604675585434 -1.88404893834
3.02 0.565508939172 -1.95833231306
3.04 0.524941949767 -2.02834947027
3.06 0.483065254985 -2.09383473909
3.08 0.43997467767 -2.15452886577
3.1 0.395771038425 -2.21018196223
3.12 0.350559907593 -2.26055654161
3.14 0.304451296117 -2.30543057378
3.16 0.25755928636 -2.34460048785
3.18 0.210001605443 -2.37788404587
3.2 0.161899145217 -2.40512301129
3.22 0.113375434458 -2.42618553796
3.24 0.0645560702355 -2.44096821112
3.26 0.0155681166389 -2.44939767983
3.28 -0.0334605199924 -2.45143183157
3.3 -0.0824017294477 -2.44706047276
3.32 -0.131127839332 -2.43630549423
3.34 -0.179512249657 -2.41922051625
3.36 -0.227430050147 -2.39589002447
3.38 -0.27475861061 -2.36642802318
3.4 -0.32137813556 -2.3309762475
3.42 -0.367172175316 -2.28970198779
3.44 -0.412028087123 -2.24279559036
3.46 -0.45583744123 -2.19046770533
3.48 -0.49849636837 -2.13294635701
3.5 -0.539905846637 -2.07047391334
3.52 -0.579971927227 -2.00330402953
3.54 -0.618605899963 -1.93169863678
3.56 -0.655724400781 -1.85592504092
3.58 -0.691249464542 -1.77625318804
3.6 -0.725108527441 -1.69295314496
3.62 -0.757234384106 -1.60629283322
3.64 -0.787565105007 -1.51653604507
3.66 -0.816043920225 -1.42394076089
3.68 -0.842619075789 -1.32875777823
3.7 -0.867243668885 -1.2312296548
3.72 -0.889875468097 -1.13158996056
3.74 -0.910476724661 -1.03006282824
3.76 -0.929013980392 -0.926862786513
3.78 -0.945457877525 -0.822194856678
3.8 -0.959782975335 -0.716254890495
3.82 -0.97196757784 -0.609230125241
3.84 -0.981993576454 -0.501299930707
3.86 -0.989846310901 -0.392636722345
3.88 -0.995514451193 -0.283407014577
3.9 -0.998989902962 -0.173772588468
3.92 -1.00026773793 -0.0638917482135
3.94 -0.999346150752 0.046079358691
3.96 -0.996226443103 0.155985382442
3.98 -0.99091303515 0.265670397676
4.0 -0.98341350434 0.374976540493
4.02 -0.973738650734 0.483742680315
4.04 -0.961902587706 0.591803151379
4.06 -0.947922856327 0.698986568967
4.08 -0.931820561211 0.80511475581
4.1 -0.913620525121 0.910001804487
4.12 -0.893351459086 1.01345330174
4.14 -0.871046144274 1.11526574061
4.16 -0.84674162136 1.21522614571
4.18 -0.82047938264 1.31311193596
4.2 -0.792305561695 1.40869104728
4.22 -0.762271114992 1.50172233514
4.24 -0.730431989527 1.59195627326
4.26 -0.696849270326 1.67913596002
4.28 -0.661589301555 1.76299843855
4.3 -0.624723774969 1.84327632931
4.32 -0.586329779643 1.91969976631
4.34 -0.54648980726 1.99199861913
4.36 -0.505291707785 2.05990497377
4.38 -0.462828591081 2.12315583519
4.4 -0.419198670975 2.1814960053
4.42 -0.374505049363 2.2346810806
4.44 -0.328855439244 2.28248050598
4.46 -0.282361826955 2.3246806144
4.48 -0.235140075393 2.36108757812
4.5 -0.187309471499 2.3915301947
4.52 -0.138992222853 2.41586243232
4.54 -0.0903129096079 2.43396566224
4.56 -0.0413978993387 2.44575051346
4.58 0.00762526654208 2.45115829404
4.6 0.0566285052527 2.45016193553
4.62 0.105483833885 2.44276643163
4.64 0.154064009027 2.42900875706
4.66 0.202243154417 2.4089572695
4.68 0.249897366675 2.38271061292
4.7 0.2969052898 2.35039615626
4.72 0.343148650097 2.31216801485
4.74 0.388512744362 2.26820471326
4.76 0.432886875506 2.21870655719
4.78 0.476164731263 2.16389278786
4.8 0.518244703166 2.10399859515
4.82 0.55903014448 2.03927206568
4.84 0.598429567264 1.96997113921
4.86 0.6363567801 1.89636064178
4.88 0.672730969234 1.81870945674
4.9 0.707476726966 1.73728788656
4.92 0.740524031948 1.65236524909
4.94 0.771808186785 1.56420774188
4.96 0.801269718763 1.47307659892
4.98 0.828854249858 1.37922655475
5.0 0.8545123423 1.28290462209
5.02 0.878199325942 1.18434918207
5.04 0.899875113525 1.08378937916
5.06 0.919504009675 0.981444807505
5.08 0.937054519104 0.877525471448
5.1 0.952499159086 0.772231999099
5.12 0.965814280806 0.665756086031
5.14 0.976979903693 0.558281144313
5.16 0.985979566319 0.449983131332
5.18 0.992800196969 0.341031532464
5.2 0.997432006402 0.231590471687
5.22 0.999868404891 0.121819924418
5.24 1.00010594504 0.011877007238
5.26 0.998144291426 -0.0980826804931
5.28 0.993986217669 -0.207903687831
5.3 0.987637630853 -0.317429340802
5.32 0.979107622996 -0.426500392827
5.34 0.968408548563 -0.534953721687
5.36 0.955556126604 -0.642621097943
5.38 0.940569565602 -0.749328050081
5.4 0.923471708562 -0.854892852018
5.42 0.904289195385 -0.959125658844
5.44 0.883052639049 -1.06182781678
5.46 0.859796811589 -1.162791373
5.48 0.834560835383 -1.26179881033
5.5 0.807388374778 -1.35862303021
5.52 0.778327822668 -1.45302760554
5.54 0.747432476237 -1.54476732151
5.56 0.714760695863 -1.63358901871
5.58 0.68037604091 -1.71923274764
5.6 0.644347376168 -1.80143323713
5.62 0.606748942724 -1.87992167219
5.64 0.567660387359 -1.95442776825
5.66 0.527166744969 -2.02468211951
5.68 0.485358369171 -2.09041878987
5.7 0.442330807074 -2.15137810485
5.72 0.398184615203 -2.20730959359
5.74 0.353025114774 -2.25797502145
5.76 0.30696208585 -2.30315144619
5.78 0.260109401344 -2.34263422527
5.8 0.212584603374 -2.3762398985
5.82 0.164508425985 -2.40380886947
5.84 0.116004269755 -2.42520781151
5.86 0.0671976351744 -2.44033172902
5.88 0.0182155229059 -2.44910561343
5.9 -0.0308141899634 -2.45148564346
5.92 -0.079763387826 -2.44745989313
5.94 -0.12850435833 -2.43704852518
5.96 -0.176910427614 -2.4203034642
5.98 -0.224856578801 -2.39730755938
6.0 -0.272220044062 -2.36817326303
6.02 -0.318880861366 -2.33304086521
6.04 -0.364722388118 -2.29207633761
6.06 -0.409631765117 -2.24546884991
6.08 -0.453500325706 -2.19342802946
6.1 -0.49622394649 -2.13618103923
6.12 -0.537703337506 -2.0739695508
6.14 -0.577844271256 -2.00704668751
6.16 -0.616557751437 -1.93567400902
6.18 -0.653760123487 -1.86011860252
6.2 -0.689373130247 -1.78065033799
6.22 -0.723323916968 -1.69753933604
6.24 -0.755544990714 -1.61105368733
6.26 -0.785974139771 -1.52145745283
6.28 -0.814554319062 -1.42900896458
6.3 -0.841233507818 -1.33395943779
6.32 -0.865964545757 -1.23655189694
6.34 -0.888704953985 -1.13702041141
6.36 -0.909416746589 -1.0355896302
6.38 -0.928066238598 -0.932474600417
6.4 -0.9446238556 -0.827880850146
6.42 -0.959063949879 -0.722004713946
6.44 -0.971364627415 -0.615033876783
6.46 -0.981507589642 -0.507148111327
6.48 -0.989477993297 -0.398520182787
6.5 -0.995264331204 -0.289316895317
6.52 -0.998858336287 -0.179700254164
6.54 -1.00025491065 -0.069828718009
6.56 -0.999452080974 0.0401414836646
6.58 -0.996450981113 0.150054993033
6.6 -0.991255862097 0.259755950825
6.62 -0.983874129454 0.369086632155
6.64 -0.974316407136 0.477886115879
6.66 -0.962596626891 0.585989012232
6.68 -0.948732141415 0.69322427382
6.7 -0.932743859106 0.799414115438
6.72 -0.914656397737 0.904373068447
6.74 -0.894498253823 1.0079071957
6.76 -0.872301983966 1.10981349285
6.78 -0.848104393935 1.20987950154
6.8 -0.821946730763 1.30788315864
6.82 -0.793874872674 1.40359290445
6.84 -0.763939511281 1.49676806963
6.86 -0.732196320129 1.58715955758
6.88 -0.698706103448 1.67451083404
6.9 -0.663534918845 1.75855923019
6.92 -0.626754167674 1.83903755852
6.94 -0.588440647014 1.915676033
6.96 -0.548676557488 1.98820447631
6.98 -0.507549461737 2.05635478754
7.0 -0.465152189059 2.11986363389
7.02 -0.421582682649 2.17847532051
7.04 -0.376943786985 2.23194478322
7.06 -0.331342974164 2.28004064105
7.08 -0.284892009393 2.32254823855
7.1 -0.237706557318 2.35927260374
7.12 -0.189905732418 2.39004124499
7.14 -0.141611598195 2.41470671119
7.16 -0.0929486213366 2.4331488429
7.18 -0.044043088359 2.44527664888
7.2 0.00497750668158 2.45102975203
7.22 0.0539850938918 2.45037936051
7.24 0.102851668574 2.44332873412
7.26 0.151449931202 2.4299131314
7.28 0.199653915984 2.41019923907
7.3 0.247339598016 2.38428410163
7.32 0.294385469696 2.35229358397
7.34 0.340673077975 2.31438041395
7.36 0.386087515233 2.27072186293
7.38 0.430517857864 2.22151713154
7.4 0.473857548142 2.16698451389
7.42 0.516004716469 2.10735841638
7.44 0.556862442616 2.04288630735
7.46 0.596338956042 1.97382567126
7.48 0.634347776763 1.90044103605
7.5 0.670807799468 1.82300113529
7.52 0.705643324638 1.74177625849
7.54 0.738784041313 1.65703583373
7.56 0.770164966849 1.56904627683
7.58 0.799726349486 1.47806913184
7.6 0.827413539852 1.38435951828
7.62 0.853176837689 1.28816489186
7.64 0.876971320048 1.18972411793
7.66 0.898756657052 1.08926685025
7.68 0.918496921094 0.987013202061
7.7 0.936160394939 0.883173692244
7.72 0.951719383855 0.777949445824
7.74 0.965150036372 0.671532625865
7.76 0.976432177813 0.564107072053
7.78 0.985549160223 0.455849120474
7.8 0.992487731796 0.346928578649
7.82 0.997237928394 0.237509829884
7.84 0.999792989218 0.127753041247
7.86 1.00014929821 0.0178154497797
7.88 0.998306352253 -0.0921472980559
7.9 0.994266756685 -0.201979778413
7.92 0.988036248322 -0.311525418129
7.94 0.979623745455 -0.420625143347
7.96 0.969041423989 -0.529116073328
7.98 0.956304818301 -0.636830284372
8.0 0.941432944919 -0.743593669093
8.02 0.924448446586 -0.849224916651
8.04 0.90537775379 -0.953534639832
8.06 0.884251260291 -1.05632467493
8.08 0.861103508688 -1.15738758016
8.1 0.835973381537 -1.25650635754
8.12 0.808904293098 -1.35345442193
8.14 0.779944376322 -1.4479958388
8.16 0.749146659341 -1.53988584907
8.18 0.716569225428 -1.62887169566
8.2 0.682275350208 -1.714693761
8.22 0.646333609835 -1.79708701862
8.24 0.608817953945 -1.8757827945
8.26 0.56980773743 -1.95051082576
8.28 0.52938770553 -2.02100159499
8.3 0.48764792735 -2.08698890904
8.32 0.444683673724 -2.14821268127
8.34 0.400595236385 -2.20442186694
8.36 0.355487686535 -2.25537749252
8.38 0.309470572286 -2.30085571245
8.4 0.262657555867 -2.34065082097
8.42 0.215165992997 -2.37457814348
8.44 0.167116458381 -2.40247673077
8.46 0.118632222749 -2.42421178163
8.48 0.0698386882587 -2.43967672451
8.5 0.0208627903255 -2.44879489666
8.52 -0.0281676250781 -2.45152077018
8.54 -0.0771244388217 -2.44784068718
8.56 -0.12587990045 -2.43777308143
8.58 -0.174307264037 -2.42136817933
8.6 -0.222281407832 -2.39870718978
8.62 -0.269679427991 -2.36990100794
8.64 -0.316381197441 -2.33508847251
8.66 -0.362269882026 -2.29443422923
8.68 -0.40723240729 -2.24812626319
8.7 -0.451159870698 -2.19637317039
8.72 -0.49394789557 -2.13940124364
8.74 -0.535496924555 -2.07745144922
8.76 -0.57571245195 -2.01077636978
8.78 -0.61450519565 -1.93963718497
8.8 -0.651791210756 -1.86430075531
8.82 -0.687491948102 -1.78503686728
8.84 -0.721534261874 -1.70211568861
8.86 -0.753850371339 -1.61580547327
8.88 -0.784377782259 -1.52637054598
8.9 -0.813059173987 -1.4340695864
8.92 -0.839842258472 -1.33915422425
8.94 -0.864679617444 -1.24186794857
8.96 -0.887528523979 -1.14244532679
8.98 -0.908350754453 -1.0411115237
9.0 -0.927112396554 -0.938082105037
9.02 -0.943783658687 -0.833563106652
9.04 -0.958338685637 -0.72775134749
9.06 -0.970755384884 -0.620834962363
9.08 -0.981015267474 -0.512994129464
9.1 -0.98910330681 -0.404401966816
9.12 -0.995007818244 -0.295225571699
9.14 -0.998720361788 -0.185627177201
9.16 -1.00023566979 -0.0757654003363
9.18 -0.999551600925 0.0342034434617
9.2 -0.996669121239 0.14412398434
9.22 -0.991592312736 0.253840425131
9.24 -0.984328409214 0.363195176083
9.26 -0.974887858779 0.472027521773
9.28 -0.96328441188 0.58017234495
9.3 -0.949535233232 0.6874589324
9.32 -0.933661035468 0.79370988821
9.34 -0.915686231863 0.898740180234
9.36 -0.895639104949 1.00235634567
9.38 -0.873551987316 1.10435588169
9.4 -0.849461450387 1.20452684646
9.42 -0.823408496483 1.30264769516
9.44 -0.795438749012 1.39848737358
9.46 -0.765602635221 1.49180568954
9.48 -0.73395555564 1.58235397903
9.5 -0.700558034062 1.66987607893
9.52 -0.665475841798 1.7541096132
9.54 -0.628780089959 1.83478759194
9.56 -0.590547283648 1.91164031553
9.58 -0.550859332309 1.98439756698
9.6 -0.509803510983 2.05279106631
9.62 -0.467472367956 2.11655715133
9.64 -0.423963575172 2.17543963917
9.66 -0.379379718894 2.22919281391
9.68 -0.333828029342 2.2775844776
9.7 -0.287420049442 2.32039899503
9.72 -0.240271244279 2.35744025813
9.74 -0.192500554408 2.38853449357
9.76 -0.144229897657 2.41353283755
9.78 -0.095583625549 2.43231360539
9.8 -0.0466879417521 2.44478418985
9.82 0.00232970887821 2.45088253152
9.84 0.0513412712082 2.4505781165
9.86 0.100218720619 2.44387247056
9.88 0.148834703307 2.43079913438
9.9 0.19706316572 2.41142312062
9.92 0.244779963115 2.38583986978
9.94 0.291863437855 2.35417373699
9.96 0.338194958973 2.31657605587
9.98 0.383659415711 2.27322283692
10.0 0.428145659059 2.22431216742
